25
87 62 42 60 44 76
67 47 42 45 53 100
82 58 54 40 61 60
182 58 62 60 55 100
71 47 28 57 62 76
139 48 51 73 61 117
98 99 44 49 59 82
70 40 33 29 36 52
60 114 47 72 63 93
112 67 85 63 49 86
51 35 41 44 85 69
79 39 50 80 67 95
57 47 56 85 41 49
139 65 40 38 87 105
95 63 42 65 61 167
54 48 51 34 71 133
71 28 35 29 32 41
112 29 49 58 84 69
109 47 38 37 52 69
63 45 39 43 36 57
75 68 45 79 84 83
87 36 74 29 82 109
58 36 55 38 42 107
44 54 23 21 36 71
79 64 48 35 48 97
1 3
2 3
3 4
4 5
4 8
5 6
6 7
6 10
7 11
7 12
8 9
8 11
9 13
9 10
11 13
12 15
13 14
14 16
14 19
14 20
15 17
15 22
16 18
17 18
17 23
18 25
19 22
20 21
20 25
21 22
21 24
23 25
-1 -1
