35
26 56 42 66 39 25 39
55 65 46 70 50 47 130
75 77 63 94 131 51 63
42 55 94 61 46 32 46
65 109 85 65 46 71 96
30 72 33 44 42 35 110
32 59 40 45 39 51 81
26 64 31 76 48 32 66
42 62 71 77 56 75 98
24 112 28 52 40 71 54
29 54 48 103 65 47 57
66 47 54 59 45 40 97
47 62 84 47 59 32 45
42 62 95 63 46 60 80
58 75 45 62 68 39 83
19 37 26 32 31 35 52
48 67 43 83 42 41 86
33 137 73 62 75 38 80
33 80 52 85 70 36 86
27 80 62 92 57 32 37
93 80 48 140 65 62 82
28 82 42 104 75 30 53
48 163 80 102 55 40 63
39 109 71 77 77 33 70
55 75 98 93 108 58 61
38 62 105 54 47 37 70
51 58 75 58 64 52 114
33 80 46 47 40 80 51
34 98 79 50 54 56 63
32 74 33 84 46 32 58
28 57 39 97 66 54 122
42 114 67 51 40 64 51
74 131 80 55 68 40 59
52 43 46 32 36 31 86
63 130 56 52 57 50 96
1 2
1 5
1 7
1 10
1 12
2 3
3 4
4 11
5 6
6 7
6 8
7 14
7 18
8 9
9 13
10 14
11 28
11 33
12 18
13 28
13 33
14 15
15 16
16 21
17 20
18 19
19 20
20 21
21 22
21 25
21 30
21 32
22 23
23 24
24 27
25 26
26 27
27 28
27 33
27 34
28 29
30 31
31 32
32 33
33 35
-1 -1
