35
60 45 64 53
85 52 100 135
114 32 84 99
43 48 43 93
99 53 66 62
54 52 77 131
49 38 88 43
64 51 75 69
83 40 86 98
45 37 122 70
37 22 30 61
46 48 51 45
52 41 61 81
80 33 45 57
59 35 42 68
82 41 95 82
43 32 119 75
43 32 66 84
40 39 60 80
54 43 114 67
48 28 45 64
32 37 42 69
74 39 59 41
48 35 46 54
53 35 106 66
56 34 77 54
36 33 45 65
59 40 46 58
62 57 96 79
120 37 55 68
47 35 46 64
35 27 34 55
68 35 81 66
50 30 93 64
115 45 73 70
1 2
1 5
1 7
1 10
1 12
2 3
3 4
4 11
5 6
6 7
6 8
7 14
7 18
8 9
9 13
10 14
11 28
11 33
12 18
13 28
13 33
14 15
15 16
16 21
17 20
18 19
19 20
20 21
21 22
21 25
21 30
21 32
22 23
23 24
24 27
25 26
26 27
27 28
27 33
27 34
28 29
30 31
31 32
32 33
33 35
-1 -1
