35
43 77 58 36 45 49 27 58 110 35 46 38
21 26 37 30 68 27 39 19 45 39 28 45
43 41 40 34 52 50 31 30 86 39 32 104
56 40 34 34 74 69 78 33 83 60 75 51
37 55 70 32 58 61 43 61 100 82 62 53
29 36 26 25 38 52 31 38 98 26 41 42
59 75 46 35 50 85 30 54 65 27 28 32
21 45 40 21 53 29 42 29 57 20 24 33
54 76 31 42 60 41 46 71 128 62 28 43
84 75 40 44 76 85 36 66 51 42 33 101
56 67 72 32 145 50 47 63 81 35 41 63
25 31 32 44 104 74 25 23 111 61 24 59
66 30 49 37 51 43 51 21 48 35 51 49
58 42 38 45 107 93 58 35 88 38 28 51
75 47 115 67 62 72 57 41 112 46 45 60
45 55 71 32 53 57 57 39 63 91 31 52
58 34 63 43 72 110 79 31 70 31 65 55
50 40 68 43 78 42 40 34 81 69 36 43
69 45 76 81 69 47 47 50 130 48 40 101
47 66 43 40 60 48 44 39 126 40 53 80
86 64 39 41 132 104 30 27 79 42 69 76
88 48 51 92 115 66 81 53 85 66 45 84
57 88 60 71 56 43 45 45 67 48 29 59
34 27 43 26 41 76 45 38 47 62 27 35
35 53 50 26 45 46 42 26 51 59 53 70
69 47 40 43 53 83 41 42 74 81 33 86
66 64 35 51 69 36 53 35 122 34 30 38
32 37 30 67 67 77 27 25 65 30 25 44
65 63 76 58 69 59 42 33 78 84 55 58
55 31 62 36 49 29 24 27 48 47 32 46
62 60 59 46 72 44 32 80 63 65 62 62
23 33 55 19 85 33 44 40 70 23 21 66
33 24 34 25 38 35 25 29 70 25 24 78
40 77 51 38 67 76 34 50 78 31 29 38
33 45 34 63 73 60 34 64 83 37 48 83
1 2
1 5
1 7
1 10
1 12
2 3
3 4
4 11
5 6
6 7
6 8
7 14
7 18
8 9
9 13
10 14
11 28
11 33
12 18
13 28
13 33
14 15
15 16
16 21
17 20
18 19
19 20
20 21
21 22
21 25
21 30
21 32
22 23
23 24
24 27
25 26
26 27
27 28
27 33
27 34
28 29
30 31
31 32
32 33
33 35
-1 -1
