35
142 67 88 56 84
92 45 183 56 69
56 25 36 37 37
64 61 53 45 47
62 29 92 35 95
68 51 132 83 177
93 90 137 71 158
59 73 90 51 116
29 36 36 51 50
53 55 37 36 43
63 40 85 59 51
42 73 49 109 49
42 36 91 64 47
77 46 93 68 66
37 45 50 37 83
28 28 73 47 37
65 49 41 53 51
93 49 63 151 101
103 37 62 54 89
38 55 38 29 34
51 83 122 67 117
36 43 57 47 60
70 87 74 63 146
42 83 108 49 49
103 55 66 54 83
36 78 64 34 48
44 82 49 68 46
105 36 69 119 94
58 31 59 37 60
43 37 59 53 64
42 32 51 82 113
40 39 89 45 91
32 31 99 57 46
93 37 50 53 91
37 50 72 84 53
1 2
1 5
1 7
1 10
1 12
2 3
3 4
4 11
5 6
6 7
6 8
7 14
7 18
8 9
9 13
10 14
11 28
11 33
12 18
13 28
13 33
14 15
15 16
16 21
17 20
18 19
19 20
20 21
21 22
21 25
21 30
21 32
22 23
23 24
24 27
25 26
26 27
27 28
27 33
27 34
28 29
30 31
31 32
32 33
33 35
-1 -1
