53
58	 71	 82	 42	 37	 40	 35	 49	 32	 29	 54	 24	 34	 24
71	 154	 59	 49	 42	 135	 57	 93	 97	 45	 38	 38	 75	 101
99	 70	 57	 62	 58	 118	 44	 105	 58	 74	 53	 98	 51	 38
62	 42	 46	 74	 74	 87	 52	 46	 41	 30	 24	 42	 90	 26
36	 40	 51	 36	 21	 59	 22	 33	 39	 30	 43	 38	 25	 19
81	 71	 97	 115	 32	 96	 30	 56	 49	 35	 38	 39	 90	 82
32	 44	 35	 45	 29	 47	 21	 73	 29	 35	 54	 26	 27	 22
54	 41	 75	 99	 62	 132	 67	 59	 83	 81	 26	 35	 34	 29
46	 58	 99	 121	 57	 146	 44	 82	 100	 51	 48	 51	 43	 38
62	 59	 65	 61	 39	 175	 84	 158	 54	 47	 42	 88	 50	 67
104	 62	 136	 61	 72	 134	 34	 132	 48	 46	 37	 84	 101	 38
46	 56	 60	 113	 62	 58	 81	 101	 52	 46	 41	 66	 81	 42
49	 48	 69	 57	 52	 53	 46	 52	 40	 28	 49	 26	 61	 49
34	 69	 34	 71	 26	 40	 46	 34	 34	 22	 42	 26	 50	 23
40	 75	 51	 49	 52	 118	 26	 54	 51	 29	 37	 40	 37	 36
81	 94	 48	 40	 39	 85	 28	 71	 96	 66	 31	 50	 80	 51
32	 34	 34	 86	 46	 52	 42	 50	 64	 36	 34	 42	 28	 28
47	 61	 75	 93	 47	 63	 79	 63	 98	 39	 45	 40	 44	 63
57	 96	 114	 131	 41	 91	 41	 75	 48	 37	 36	 62	 74	 69
86	 41	 54	 34	 53	 69	 28	 52	 42	 58	 61	 47	 57	 40
33	 40	 40	 46	 31	 45	 42	 56	 38	 38	 42	 25	 51	 62
62	 40	 55	 72	 67	 59	 33	 79	 54	 47	 22	 26	 54	 33
56	 44	 30	 30	 59	 64	 25	 35	 44	 24	 38	 34	 41	 25
70	 116	 88	 57	 79	 102	 64	 133	 137	 48	 38	 40	 60	 81
40	 76	 36	 45	 31	 47	 41	 48	 73	 58	 36	 27	 28	 25
59	 106	 122	 40	 40	 115	 30	 57	 64	 69	 83	 34	 69	 31
42	 69	 44	 40	 39	 45	 30	 55	 41	 47	 29	 33	 36	 29
81	 75	 45	 45	 36	 98	 43	 52	 107	 32	 30	 41	 67	 41
35	 44	 41	 93	 51	 93	 50	 45	 34	 33	 32	 47	 36	 66
62	 62	 56	 41	 48	 100	 36	 90	 77	 65	 74	 29	 36	 49
50	 61	 93	 75	 40	 52	 50	 57	 51	 86	 55	 70	 71	 54
94	 58	 80	 56	 42	 60	 29	 84	 52	 47	 38	 37	 77	 56
102	 100	 49	 40	 37	 75	 35	 54	 70	 30	 69	 36	 94	 34
41	 110	 134	 47	 80	 69	 48	 132	 43	 39	 43	 56	 37	 38
42	 72	 56	 43	 44	 65	 44	 56	 65	 32	 41	 35	 43	 52
46	 54	 64	 44	 42	 92	 53	 60	 52	 55	 34	 33	 48	 56
72	 59	 67	 61	 57	 152	 34	 121	 78	 64	 43	 78	 46	 42
119	 74	 66	 92	 76	 69	 43	 84	 39	 57	 71	 33	 43	 53
65	 73	 101	 54	 79	 104	 55	 118	 71	 51	 34	 38	 95	 83
51	 46	 35	 30	 57	 63	 33	 43	 54	 52	 58	 37	 59	 29
89	 60	 43	 38	 72	 50	 33	 91	 33	 46	 24	 45	 55	 63
36	 72	 42	 80	 37	 90	 36	 100	 46	 32	 46	 28	 32	 51
57	 46	 49	 46	 33	 56	 47	 51	 34	 29	 24	 47	 31	 42
52	 59	 64	 41	 67	 93	 65	 122	 44	 52	 40	 35	 68	 55
72	 70	 60	 101	 44	 91	 55	 82	 96	 52	 46	 41	 56	 38
93	 75	 104	 50	 35	 84	 28	 54	 75	 36	 40	 69	 80	 34
102	 59	 51	 42	 56	 126	 32	 103	 57	 32	 36	 30	 47	 76
63	 84	 74	 49	 87	 81	 29	 50	 44	 48	 36	 32	 61	 34
34	 62	 59	 30	 25	 35	 27	 36	 33	 52	 25	 21	 28	 37
116	 47	 63	 48	 42	 103	 31	 62	 74	 36	 31	 53	 83	 38
71	 54	 123	 89	 107	 127	 39	 76	 133	 111	 86	 54	 61	 45
40	 76	 111	 104	 33	 48	 27	 75	 56	 37	 35	 47	 40	 31
116	 81	 66	 70	 44	 114	 40	 105	 50	 39	 45	 60	 62	 63
1 2
1 3
1 4
1 5
1 6
1 7
2 36
3 36
4 9
5 9
6 9
7 9
8 9
9 10
10 11
11 12
12 13
12 14
12 15
13 16
13 17
13 18
14 22
15 16
15 17
16 29
16 30
16 31
17 19
18 42
19 20
19 21
19 22
20 23
21 24
22 25
23 36
24 36
25 26
26 27
27 28
28 29
28 30
28 31
28 32
28 33
28 34
29 35
30 35
31 35
32 35
33 35
34 35
35 36
36 37
37 38
37 39
37 40
38 41
39 41
40 41
41 42
42 43
42 44
42 45
42 46
42 47
43 48
44 49
45 51
45 52
46 50
47 51
47 52
48 51
48 52
49 51
49 52
50 51
50 52
51 53
52 53
-1 -1
