70
61 31 77 61 43 45 52 74 46 43 46 28 39 33
81 55 70 51 62 47 74 82 35 37 62 29 64 66
48 32 47 86 52 97 67 65 48 53 67 43 63 40
37 25 51 58 54 41 30 59 22 21 32 39 26 61
61 55 90 83 54 89 61 70 43 38 120 37 62 79
58 54 34 37 80 45 43 47 41 32 43 42 61 66
56 63 76 76 47 57 48 79 35 46 122 49 95 104
64 92 68 46 73 123 49 119 58 44 56 45 121 124
119 36 47 53 46 129 41 147 88 65 64 35 41 85
65 94 52 87 72 100 52 138 71 72 68 41 82 94
115 30 61 38 71 46 29 95 47 47 83 61 43 32
56 25 38 24 34 34 39 94 46 28 32 39 51 55
44 61 32 62 71 82 34 55 40 53 69 25 43 60
111 46 64 56 70 69 77 83 45 94 46 45 84 59
65 29 80 55 44 54 68 65 35 51 59 52 98 38
76 65 52 42 64 107 64 68 66 29 79 36 87 38
80 104 63 45 87 118 48 180 48 97 61 79 58 57
68 52 46 22 47 35 31 40 25 21 33 22 30 38
95 51 37 29 32 48 24 46 26 29 71 36 55 35
71 54 51 40 64 111 51 72 56 40 54 33 65 112
84 82 37 35 94 71 46 95 68 42 97 26 71 42
118 33 58 57 65 62 38 113 31 37 58 66 35 37
37 42 63 25 31 45 27 41 47 30 68 19 27 42
53 26 41 24 30 57 26 50 38 25 34 57 43 28
47 81 50 32 107 67 37 83 57 47 38 56 45 63
57 45 79 99 59 86 53 69 63 92 50 64 97 74
51 67 50 41 70 50 82 84 29 47 83 31 36 95
114 38 54 38 107 79 57 55 31 39 52 49 86 37
48 34 32 30 35 70 27 44 38 25 52 24 60 30
39 33 40 26 39 56 30 60 22 33 34 29 37 29
88 33 85 77 69 65 61 64 62 45 41 35 35 47
65 77 64 74 63 88 81 91 65 38 50 63 46 48
85 50 59 75 33 73 53 49 27 29 37 58 65 66
69 35 46 27 51 72 32 36 41 45 30 28 34 32
72 105 74 54 118 52 50 140 90 54 52 39 43 45
48 36 44 39 44 98 61 56 28 89 37 36 37 67
69 28 89 28 42 39 50 75 26 38 44 28 44 48
37 28 57 30 45 37 56 107 56 25 37 36 38 49
76 49 40 42 34 34 26 57 23 27 59 25 38 29
59 32 29 28 36 31 57 47 49 26 63 39 31 30
65 42 45 71 50 108 37 65 52 51 78 58 61 114
78 35 84 71 73 111 34 60 84 35 56 60 88 53
57 64 29 47 58 34 35 55 43 40 34 40 29 61
59 23 31 37 35 61 33 44 21 39 45 31 50 57
45 74 44 73 41 78 51 92 78 43 67 45 64 41
69 65 113 98 54 66 79 115 86 46 116 85 85 49
42 25 56 25 71 77 29 54 35 26 52 52 41 32
77 52 55 90 48 78 50 128 33 65 37 60 64 38
66 38 34 49 69 74 28 45 33 65 76 37 84 33
74 30 76 36 57 94 23 100 47 35 48 23 38 39
56 93 71 66 55 124 59 86 42 37 48 74 119 101
79 40 56 39 98 152 40 132 75 41 91 56 46 69
51 77 52 53 82 92 35 131 86 59 56 58 50 48
75 26 35 45 40 40 28 62 27 29 31 37 59 56
61 51 72 88 56 102 32 117 76 38 50 38 57 53
44 48 74 29 39 43 67 92 56 44 72 27 32 72
146 68 46 40 49 67 35 97 44 36 121 49 47 64
77 63 45 41 35 67 33 59 77 48 40 66 80 70
80 47 43 55 117 135 36 118 46 58 78 67 77 40
56 36 37 56 39 40 44 40 22 38 46 31 30 30
31 28 31 29 32 62 24 55 43 54 29 20 53 35
63 46 62 62 124 47 90 85 33 68 65 35 97 95
108 61 46 54 103 63 47 96 37 51 55 76 39 47
59 66 53 65 69 136 81 66 42 65 77 81 44 113
60 39 59 60 102 114 48 71 35 35 44 36 48 97
95 56 73 45 84 92 94 77 82 56 47 60 43 83
79 55 98 40 43 58 61 160 51 34 62 37 63 50
49 50 54 40 92 96 41 67 43 53 113 43 47 56
85 55 109 88 52 48 89 104 54 49 51 27 73 58
68 54 72 25 42 90 26 97 26 67 54 22 52 53
1 2
1 41
1 69
1 70
2 3
3 4
3 68
4 6
4 7
5 6
5 24
5 30
6 8
7 8
8 12
9 10
10 11
11 12
12 13
12 14
13 23
14 23
15 16
16 17
16 18
17 19
18 19
19 20
19 22
19 57
20 21
21 23
22 23
23 25
23 31
23 33
24 25
25 26
25 27
25 28
25 29
26 35
27 35
28 35
29 35
30 31
31 32
32 35
33 34
34 35
35 36
35 44
35 48
35 51
35 53
35 56
35 60
35 61
35 62
36 37
37 38
38 39
39 40
40 42
41 42
42 43
43 50
44 45
45 46
46 47
47 50
48 49
49 50
51 52
52 54
53 54
54 55
57 58
58 59
59 60
61 65
62 63
63 64
64 65
64 66
64 67
-1 -1
