70
42 59 30 34 84 35 45 45 26 49 35 34 64 37 35 38 82 43 27
33 61 51 58 86 36 105 63 45 104 74 74 58 59 53 41 115 72 83
36 71 51 38 66 44 104 51 46 72 132 136 57 48 81 48 115 77 42
33 73 42 52 40 35 37 26 37 38 43 30 44 22 30 33 50 51 24
41 95 50 43 135 50 45 91 52 70 80 64 82 51 49 55 131 57 62
35 168 61 53 96 70 94 41 41 98 85 64 65 77 104 49 74 79 100
26 43 46 29 56 23 38 46 30 40 83 56 44 54 38 29 70 48 25
69 62 57 46 48 27 79 32 94 47 52 70 31 47 95 40 70 50 37
44 120 112 34 69 58 43 74 45 59 61 60 90 42 43 69 114 70 35
28 80 43 36 62 31 63 40 33 70 39 36 59 48 29 28 66 52 32
32 59 42 55 40 21 36 29 42 45 34 48 48 35 27 35 62 39 60
34 100 63 45 91 77 39 60 103 55 53 53 36 32 71 90 57 68 35
38 159 54 34 107 89 87 40 49 132 54 65 49 43 78 78 145 59 86
34 47 75 21 71 36 33 40 46 48 34 37 36 24 67 66 32 32 29
45 46 50 35 54 22 29 63 39 60 38 59 41 57 40 46 60 75 35
40 58 48 36 92 60 54 58 33 58 65 78 76 34 57 85 69 86 32
32 55 38 27 75 19 32 22 29 44 54 44 29 28 32 39 32 36 25
38 89 78 84 67 39 43 86 78 157 102 74 56 52 44 102 105 66 64
70 94 95 79 65 58 79 74 92 163 87 81 43 93 49 88 90 67 40
63 126 99 39 92 51 83 37 78 79 101 75 102 37 53 53 133 135 75
98 100 75 53 108 47 64 49 75 108 145 76 64 40 62 83 137 61 63
71 100 118 34 74 83 45 84 88 69 56 57 39 43 87 104 105 102 56
83 66 50 74 79 77 42 71 38 121 81 44 46 34 60 95 49 58 35
33 69 86 28 58 39 47 57 36 114 56 65 68 38 64 56 67 53 91
40 74 106 45 65 36 66 44 51 155 84 84 44 67 96 53 62 137 35
27 52 37 51 61 56 33 38 54 64 50 45 55 55 37 47 61 52 52
58 87 68 39 61 46 51 35 70 49 60 44 30 41 44 77 78 82 43
39 94 62 34 126 48 47 79 104 67 58 54 97 68 73 47 178 63 58
53 69 70 29 89 82 52 40 40 113 111 62 70 40 43 58 72 128 39
31 130 49 30 92 31 67 66 44 73 38 39 29 26 71 46 90 72 26
34 40 66 27 38 52 35 21 22 45 35 40 30 24 39 29 85 39 49
25 117 45 53 95 35 55 43 73 81 37 48 41 30 34 29 37 40 28
24 41 34 24 47 23 36 43 37 52 69 42 27 50 52 70 51 51 25
48 114 40 47 60 35 45 27 51 89 61 54 54 76 81 50 71 91 27
45 58 32 27 112 61 47 50 41 60 87 37 38 56 40 42 76 47 39
53 34 38 19 54 30 23 27 24 72 30 41 41 46 23 28 34 76 19
47 89 47 45 149 70 80 51 47 99 131 147 50 38 57 59 65 57 41
47 60 86 39 85 40 98 45 45 133 79 60 40 73 73 83 80 76 88
72 89 69 71 66 66 31 68 58 106 67 100 50 43 46 34 50 79 38
26 59 42 20 70 56 37 37 33 45 56 43 35 57 38 49 50 64 26
52 131 95 68 65 74 81 48 68 75 73 57 80 75 47 63 131 79 38
21 87 32 22 55 23 32 25 35 47 85 77 31 25 66 39 38 38 28
33 40 31 45 42 44 26 27 30 38 47 80 51 26 24 32 79 68 30
33 91 60 71 88 30 35 83 60 148 127 47 50 37 39 53 52 64 51
36 77 93 33 72 33 37 49 95 56 112 47 36 101 60 75 76 53 53
41 89 52 62 97 38 70 57 48 64 76 80 79 48 73 83 79 121 39
40 99 99 41 111 85 42 83 57 82 58 58 55 56 57 64 106 129 98
40 82 67 23 67 24 54 32 34 92 60 56 39 44 82 89 87 68 40
32 83 87 69 70 31 88 33 39 73 67 45 71 34 57 49 52 112 81
77 59 65 34 63 38 43 49 43 94 63 66 67 73 48 78 148 59 41
83 109 50 48 56 29 62 36 72 83 79 78 53 72 52 74 59 61 44
23 41 69 34 82 22 28 53 23 37 35 66 31 52 35 27 73 40 20
24 59 48 30 46 18 23 38 62 36 43 28 28 30 38 23 32 83 35
47 56 38 38 87 24 59 50 57 46 57 54 29 34 34 94 92 44 32
31 67 39 53 56 30 71 67 66 71 66 51 95 83 91 66 73 73 51
38 81 43 49 64 47 56 33 82 97 141 62 49 36 38 60 56 75 37
72 54 71 36 69 59 64 35 74 132 116 43 33 32 42 107 78 103 45
94 105 50 45 79 39 40 49 40 126 146 140 40 82 50 43 71 77 79
24 51 38 24 76 39 29 44 31 92 60 99 56 27 36 56 54 69 38
83 106 43 40 76 61 43 33 46 64 80 84 96 46 39 53 87 60 88
58 94 53 77 101 48 93 65 119 89 59 132 54 38 108 94 88 135 42
38 121 61 43 56 44 38 36 51 112 100 45 71 38 103 50 65 71 33
34 93 51 53 76 44 31 32 34 46 49 35 44 47 74 62 88 64 51
31 74 35 48 43 22 31 41 27 69 49 50 53 46 51 52 48 61 59
65 64 33 24 75 47 31 47 54 51 62 39 37 40 32 77 48 41 25
34 52 82 28 56 59 49 69 72 135 120 42 30 36 72 35 45 66 41
30 89 50 34 74 31 40 33 99 60 89 51 46 52 105 81 102 89 68
36 76 79 62 113 49 67 68 41 127 56 62 58 52 64 47 139 59 56
38 47 40 30 130 59 42 30 34 59 54 63 52 57 73 90 55 48 75
30 126 79 60 63 29 38 64 74 95 76 112 45 33 101 53 50 52 30
1 2
1 41
1 69
1 70
2 3
3 4
3 68
4 6
4 7
5 6
5 24
5 30
6 8
7 8
8 12
9 10
10 11
11 12
12 13
12 14
13 23
14 23
15 16
16 17
16 18
17 19
18 19
19 20
19 22
19 57
20 21
21 23
22 23
23 25
23 31
23 33
24 25
25 26
25 27
25 28
25 29
26 35
27 35
28 35
29 35
30 31
31 32
32 35
33 34
34 35
35 36
35 44
35 48
35 51
35 53
35 56
35 60
35 61
35 62
36 37
37 38
38 39
39 40
40 42
41 42
42 43
43 50
44 45
45 46
46 47
47 50
48 49
49 50
51 52
52 54
53 54
54 55
57 58
58 59
59 60
61 65
62 63
63 64
64 65
64 66
64 67
-1 -1
