89
71 65 60 48 31 29 50 102 41 35 29 44 38 36 26 38 31 69 32 33 35
47 67 125 26 49 28 67 55 59 52 80 98 71 45 79 54 74 48 45 27 53
43 128 70 27 52 34 38 119 72 36 33 43 69 54 37 83 39 38 73 35 103
63 181 153 52 54 59 102 154 57 93 62 151 115 74 99 86 55 68 136 50 125
48 39 77 32 43 37 30 63 55 38 37 37 40 55 36 43 41 79 31 21 61
67 69 56 65 40 48 86 74 59 49 32 43 48 94 81 46 47 74 50 25 41
87 149 66 48 47 82 64 68 87 58 78 50 88 116 59 75 46 137 111 83 130
95 96 65 40 46 31 58 69 43 110 73 59 90 57 56 92 38 94 60 58 69
61 56 110 31 58 38 47 44 33 61 35 67 63 41 30 79 31 83 43 33 52
113 89 67 69 65 57 110 118 71 68 46 61 148 118 44 76 69 68 56 58 81
57 75 60 53 53 32 57 73 56 40 68 99 70 45 62 98 50 71 58 47 102
47 111 60 60 41 49 39 63 92 37 36 48 61 43 45 44 32 63 45 32 65
58 90 94 70 89 62 89 61 74 59 76 57 126 56 68 73 83 123 56 55 105
91 143 111 30 47 31 56 72 75 42 58 114 58 65 42 78 61 106 78 60 52
64 69 84 38 42 28 50 74 53 49 49 83 64 68 48 56 59 44 57 50 64
67 56 52 45 47 67 64 120 97 78 42 51 72 108 33 38 29 91 111 36 44
56 112 70 33 50 47 120 81 67 75 86 53 121 125 47 69 58 47 90 48 49
122 121 122 29 49 37 87 53 90 57 86 92 147 90 47 45 56 50 53 36 78
77 52 108 24 45 43 88 103 75 43 61 44 60 93 27 40 64 42 59 32 54
123 45 79 46 43 47 45 46 54 82 60 51 41 44 34 50 67 62 92 27 48
70 162 102 32 42 62 49 73 53 45 70 76 95 93 45 120 73 50 96 84 58
144 129 56 57 102 39 67 54 54 78 39 125 56 108 92 74 79 80 72 32 73
76 83 96 61 84 35 82 74 61 83 71 119 87 105 72 55 43 83 53 51 74
40 42 73 34 35 33 35 55 46 50 39 77 48 51 36 45 34 52 86 24 56
68 127 77 35 45 40 59 57 56 60 44 68 54 53 100 52 80 78 65 33 106
55 103 60 78 50 63 52 151 69 61 73 59 87 64 92 46 65 141 102 45 55
88 61 81 51 77 41 102 93 37 40 54 82 98 45 53 42 33 55 80 76 125
136 73 130 49 55 102 59 62 71 95 122 144 71 145 77 76 41 84 136 38 91
149 123 58 52 52 40 61 61 38 40 61 95 108 98 54 102 34 67 51 67 53
78 41 97 57 58 27 38 54 34 31 51 34 44 56 26 40 55 83 36 41 65
52 87 72 31 46 36 63 119 45 37 63 45 57 101 35 60 32 89 58 36 81
114 142 75 68 72 48 140 89 85 58 87 54 62 63 63 65 70 105 115 60 70
97 48 58 42 32 23 34 57 39 30 23 34 51 77 23 66 26 41 41 26 64
67 50 58 28 42 39 59 48 79 47 29 66 45 59 53 78 63 76 40 67 38
85 63 77 59 113 81 128 89 48 92 58 66 87 80 47 49 47 63 68 34 65
129 92 61 34 54 76 47 88 40 63 35 55 56 50 39 44 34 92 42 54 77
56 67 55 26 57 24 97 60 49 36 44 38 60 91 41 39 28 64 53 56 46
87 97 73 54 86 29 57 102 46 71 34 61 52 88 58 114 81 118 113 43 102
64 148 119 62 96 36 73 79 50 72 52 130 104 68 40 62 52 108 108 34 121
85 55 57 32 33 28 34 62 46 59 39 46 41 43 29 61 41 65 57 22 44
69 165 82 79 80 52 121 109 49 70 61 60 61 66 39 67 65 107 52 36 122
166 182 77 44 107 97 145 170 87 47 43 61 57 94 45 113 92 100 62 63 80
75 73 56 60 62 69 98 92 64 42 59 63 75 67 53 121 63 91 49 37 86
78 105 63 35 41 32 56 86 47 40 99 95 82 74 39 67 55 51 118 32 48
74 100 64 53 50 31 62 70 40 45 55 70 99 74 33 106 80 109 57 49 62
110 158 80 35 93 62 92 62 41 81 69 98 135 61 49 58 81 71 54 44 109
51 49 90 26 50 20 72 36 28 27 35 31 32 36 49 50 22 36 28 23 35
68 129 92 36 48 64 79 175 65 137 53 107 144 71 90 125 44 91 99 40 63
38 57 61 59 69 37 49 105 44 31 38 42 58 43 55 42 24 39 86 29 76
67 135 132 35 84 36 70 103 52 76 44 63 65 60 45 58 38 68 91 58 119
55 61 54 57 64 32 64 95 58 37 47 72 66 65 35 42 57 77 84 26 43
77 76 155 40 100 57 58 129 76 90 74 69 71 75 55 136 92 76 64 72 93
52 67 165 66 46 40 56 91 73 47 41 118 129 72 46 87 71 94 78 45 53
134 166 111 38 71 38 77 65 46 62 46 141 112 55 76 75 42 127 61 37 70
106 90 56 51 59 31 64 80 42 43 31 103 125 89 83 52 34 59 107 50 52
90 86 88 49 91 69 123 161 65 49 56 63 104 77 75 77 52 54 61 34 72
47 95 79 29 44 24 75 70 55 43 32 97 42 43 35 51 48 41 53 35 48
69 81 97 38 116 39 89 160 78 75 58 106 58 80 91 132 95 53 152 34 71
70 40 56 61 50 30 44 48 53 40 57 41 74 70 35 42 51 41 51 46 52
101 135 127 59 54 63 82 62 50 85 42 82 90 131 43 101 76 68 56 50 94
67 90 137 56 42 54 48 112 56 43 77 58 107 47 43 40 69 88 56 61 88
69 110 68 67 84 31 62 50 55 71 44 56 63 73 78 104 76 64 45 37 53
77 67 156 36 73 50 86 96 54 51 56 55 65 62 45 45 56 92 109 47 58
53 52 53 38 33 35 45 51 49 71 72 36 76 36 43 60 52 62 64 23 37
95 51 55 45 57 48 84 51 70 36 76 50 100 81 34 58 29 45 109 35 61
48 72 54 62 36 36 38 45 40 38 34 63 111 38 42 65 27 37 91 49 42
47 100 112 22 45 24 86 90 52 44 33 57 105 59 76 31 53 45 47 29 86
88 132 66 37 101 28 45 46 92 44 43 44 98 83 66 94 38 71 47 34 86
98 67 116 31 66 45 71 77 44 93 47 84 90 51 39 73 85 53 87 35 50
123 92 67 43 104 28 114 57 77 50 51 95 54 45 37 70 45 51 69 54 118
115 65 64 51 55 55 65 60 33 48 87 62 73 51 58 62 52 47 41 38 59
60 73 87 79 45 44 65 126 81 105 48 74 55 79 40 51 45 75 77 39 67
74 62 77 37 71 40 107 96 76 89 86 125 67 61 71 98 45 146 96 41 56
54 57 73 27 54 30 60 41 41 62 36 99 46 88 72 42 30 45 36 45 47
78 42 52 38 44 22 64 49 33 34 23 48 31 60 38 28 29 60 64 20 87
77 49 40 35 33 39 55 68 54 44 48 65 33 36 25 49 27 40 30 26 63
86 119 73 50 68 39 92 98 59 48 92 62 64 71 84 74 40 76 72 55 95
67 77 82 22 59 23 39 89 37 65 41 33 39 35 52 28 24 72 30 19 43
80 33 47 32 28 26 70 72 57 25 33 66 30 49 62 38 43 38 42 20 38
52 115 54 50 81 35 45 74 52 85 49 73 91 50 85 102 49 93 59 27 103
51 75 61 26 38 25 36 47 52 62 56 77 57 36 31 35 26 41 46 24 40
132 121 123 38 91 73 45 69 37 86 49 68 79 122 69 63 58 70 63 72 61
71 97 169 34 64 44 70 67 58 49 91 66 72 62 71 55 101 88 79 61 72
36 54 52 28 35 50 62 58 23 38 23 31 41 32 43 37 21 28 43 23 33
84 109 80 33 54 62 98 83 79 64 38 59 79 86 86 67 84 106 58 85 84
91 125 75 26 55 34 62 78 74 34 67 51 49 40 34 58 29 38 72 55 40
63 85 94 61 86 43 74 117 107 98 109 74 118 56 94 62 58 52 76 47 52
113 125 103 77 60 53 144 70 84 77 103 87 136 60 40 78 56 71 81 79 87
59 140 76 48 60 36 62 78 36 41 35 91 48 51 40 117 85 46 45 56 45
1 2
2 3
3 4
4 5
4 6
4 7
4 8
4 9
5 10
6 11
7 12
8 18
9 18
10 14
11 12
12 13
13 14
14 15
14 16
15 17
16 54
17 18
18 19
18 20
19 22
20 21
20 28
21 54
22 23
23 24
24 25
25 26
25 27
25 29
26 37
27 33
28 29
29 31
30 54
31 32
32 33
33 34
34 35
35 36
35 37
36 38
37 38
38 39
39 40
39 41
39 42
39 43
40 44
41 53
42 53
43 45
44 52
45 46
46 47
47 48
47 49
49 50
50 51
51 52
52 53
53 68
53 69
53 70
53 71
54 55
55 56
56 57
57 58
57 59
57 60
57 61
57 62
57 63
57 64
57 65
57 66
58 67
59 67
60 67
61 67
62 67
63 67
64 67
65 67
66 67
67 73
68 72
69 72
70 72
71 73
72 78
72 80
73 74
74 75
74 76
75 77
76 81
77 78
78 79
79 81
80 81
80 87
81 82
81 84
81 85
82 83
83 86
84 86
85 86
86 87
86 89
87 88
87 89
-1 -1
