89
30 42 36 51 32 62 32 31 24 56 35 50 27 67 30 39
31 22 38 40 28 50 39 72 27 65 25 81 54 33 26 82
26 32 44 40 42 55 50 56 50 35 53 46 49 63 74 44
24 66 36 27 33 31 73 39 20 42 38 45 32 31 63 48
29 35 42 22 64 51 33 36 43 54 28 36 23 25 31 55
93 69 83 52 47 86 122 106 54 70 83 73 55 91 60 99
73 81 97 43 42 55 82 136 88 86 63 145 39 46 73 126
65 42 68 46 84 110 39 42 47 52 58 58 55 39 54 60
30 38 66 32 31 56 60 28 21 30 25 38 21 48 34 52
73 51 98 44 73 57 59 79 92 61 84 86 43 74 102 74
44 71 82 46 42 60 47 66 49 40 45 97 52 38 40 63
25 25 64 34 39 51 35 34 33 31 40 34 43 31 30 49
49 34 79 33 45 113 57 39 67 36 51 73 29 33 78 48
29 30 74 36 45 36 33 42 35 35 32 58 28 70 37 54
58 44 121 38 52 62 72 125 81 55 36 62 47 94 47 109
48 96 118 37 47 61 42 65 71 42 49 59 71 38 85 109
28 60 83 35 31 57 49 43 24 44 29 43 36 37 28 72
41 38 84 38 67 44 54 42 83 60 84 64 41 44 55 60
34 93 81 53 104 50 45 52 43 61 53 109 51 56 78 71
70 52 111 42 42 73 70 65 38 54 97 85 82 85 121 68
55 32 36 42 27 36 32 38 26 58 49 54 52 33 50 85
86 35 45 51 56 62 47 57 65 77 45 123 45 46 80 129
32 66 61 38 91 55 85 95 33 39 48 93 32 78 39 51
38 38 82 49 66 55 46 77 51 38 40 88 34 35 75 116
33 48 59 40 38 43 54 41 40 49 40 100 55 42 64 60
56 58 62 42 61 85 66 51 46 127 43 94 39 58 65 72
62 48 81 68 35 65 52 43 79 62 40 63 32 47 60 68
52 40 102 38 52 73 33 49 38 35 65 88 34 53 40 43
30 53 45 45 48 47 48 54 45 39 32 37 27 49 35 48
41 52 57 43 49 57 54 119 47 99 90 92 41 50 54 104
65 57 73 42 91 90 55 93 35 108 85 101 39 55 121 97
42 84 83 75 83 136 53 58 68 96 66 84 53 42 75 126
40 52 54 55 41 53 43 95 26 73 35 45 40 51 30 44
35 81 90 100 73 110 102 47 64 40 62 147 78 77 41 82
41 84 64 41 49 78 62 64 53 77 85 61 55 64 88 87
36 38 39 55 42 78 55 40 42 57 29 39 29 30 80 66
50 109 95 39 85 83 49 60 71 45 45 95 44 79 64 73
44 37 46 28 29 32 34 31 44 52 53 44 41 31 70 71
51 50 100 43 46 88 83 60 41 54 72 62 45 65 51 129
21 30 87 51 27 33 31 42 36 41 41 48 22 43 41 72
79 74 59 46 50 78 57 53 43 95 41 144 40 86 94 127
71 92 96 76 38 107 42 63 61 38 77 60 34 37 44 58
49 28 46 28 56 60 30 33 29 46 76 51 55 30 81 49
36 45 57 26 29 53 49 89 61 29 48 88 39 44 52 76
67 42 65 53 78 58 85 59 49 93 49 113 41 86 45 105
37 31 70 23 35 38 27 49 40 25 49 37 37 31 25 54
48 41 133 66 106 63 67 52 63 39 51 67 42 46 51 156
45 41 57 22 64 32 66 30 23 24 57 56 35 67 63 38
40 62 77 57 33 88 44 72 32 39 47 53 49 33 81 55
28 58 51 30 70 102 95 43 32 31 39 100 66 50 63 110
28 57 50 54 31 68 49 49 48 47 62 83 32 66 34 97
76 82 47 46 43 42 49 47 30 59 35 53 31 34 85 116
47 42 51 46 68 91 48 69 27 52 51 102 28 37 74 54
55 53 88 59 57 39 87 36 69 36 31 40 43 36 68 54
50 56 99 60 78 42 55 105 28 46 48 43 53 45 48 71
28 31 37 35 47 28 52 43 19 36 42 73 37 44 57 39
36 44 64 74 52 53 67 98 44 54 71 53 39 42 42 81
48 76 103 80 53 141 77 70 83 101 50 63 43 81 60 101
25 43 30 24 26 80 38 30 33 26 58 40 36 39 42 57
45 27 49 32 30 49 52 64 22 29 62 42 37 40 69 52
46 33 92 29 41 45 40 58 53 41 80 54 64 43 48 93
24 26 35 35 54 44 43 66 22 51 26 65 24 69 42 48
61 46 98 41 57 69 84 99 61 77 113 107 66 60 63 74
75 46 65 50 52 95 48 57 69 59 49 46 70 72 69 60
64 32 100 75 34 75 68 45 41 76 37 48 47 73 82 107
85 67 88 33 63 46 77 110 34 45 39 65 31 57 74 109
31 45 86 45 68 51 46 60 38 69 45 98 34 34 59 83
52 57 38 50 34 33 72 86 26 76 31 65 30 49 74 60
26 39 38 40 52 74 33 76 44 29 31 61 46 49 59 41
64 56 67 55 66 75 59 81 87 44 50 65 80 49 67 61
74 38 78 60 35 46 42 80 57 80 65 45 41 85 45 59
21 28 67 22 22 56 26 33 25 48 36 33 36 23 47 53
40 60 86 82 81 59 39 46 30 77 37 59 33 83 45 69
35 34 84 23 37 44 58 29 21 57 32 43 42 66 64 62
50 24 53 23 22 33 58 43 23 27 25 45 21 33 44 58
31 72 94 70 59 69 57 50 40 53 58 61 30 47 40 77
39 51 40 53 32 45 35 64 27 59 34 39 47 38 45 100
36 42 123 63 72 52 83 88 29 63 85 63 34 87 100 73
47 40 65 63 67 54 57 64 29 52 40 37 50 62 42 36
24 65 34 38 28 78 47 55 28 39 36 37 47 33 31 54
24 31 88 34 61 70 43 55 25 31 32 89 52 41 82 101
27 43 30 24 54 34 33 42 21 63 29 31 19 42 27 54
39 98 115 97 45 66 50 58 46 58 100 114 41 47 73 80
67 100 60 84 40 78 53 76 51 61 62 84 49 80 47 139
45 101 145 44 39 58 51 50 39 52 100 55 79 81 54 172
49 34 63 33 28 77 38 28 21 23 31 35 48 55 26 35
80 80 59 58 55 90 78 49 91 60 56 93 37 99 43 77
56 83 82 81 59 55 48 44 38 42 47 99 55 53 48 58
41 102 77 35 48 62 40 77 30 36 53 57 60 38 72 57
1 2
2 3
3 4
4 5
4 6
4 7
4 8
4 9
5 10
6 11
7 12
8 18
9 18
10 14
11 12
12 13
13 14
14 15
14 16
15 17
16 54
17 18
18 19
18 20
19 22
20 21
20 28
21 54
22 23
23 24
24 25
25 26
25 27
25 29
26 37
27 33
28 29
29 31
30 54
31 32
32 33
33 34
34 35
35 36
35 37
36 38
37 38
38 39
39 40
39 41
39 42
39 43
40 44
41 53
42 53
43 45
44 52
45 46
46 47
47 48
47 49
49 50
50 51
51 52
52 53
53 68
53 69
53 70
53 71
54 55
55 56
56 57
57 58
57 59
57 60
57 61
57 62
57 63
57 64
57 65
57 66
58 67
59 67
60 67
61 67
62 67
63 67
64 67
65 67
66 67
67 73
68 72
69 72
70 72
71 73
72 78
72 80
73 74
74 75
74 76
75 77
76 81
77 78
78 79
79 81
80 81
80 87
81 82
81 84
81 85
82 83
83 86
84 86
85 86
86 87
86 89
87 88
87 89
-1 -1
