89
38 51 117 58 72 151 67 40 120 68 50 40
35 62 68 173 129 89 74 71 58 88 149 66
29 38 79 62 59 81 53 42 82 49 61 26
57 58 96 83 47 159 79 81 86 108 115 97
64 78 82 103 49 122 46 67 68 69 126 41
54 39 57 68 69 73 43 26 70 46 61 55
33 56 89 127 75 69 76 64 56 105 55 39
56 50 90 59 64 75 55 56 57 71 71 61
36 47 41 53 47 50 36 56 50 42 67 47
47 70 36 77 44 88 32 64 34 56 31 35
30 65 52 94 31 121 47 79 96 124 79 67
26 85 68 111 53 55 62 75 52 58 58 34
24 35 47 43 37 58 84 27 34 78 41 63
54 51 67 61 65 119 52 58 114 59 40 27
39 67 133 155 73 83 91 79 69 114 56 37
36 90 87 91 45 42 39 44 54 43 77 70
22 45 34 89 39 47 57 55 58 39 42 26
41 60 64 126 67 136 48 37 126 102 67 43
34 43 59 47 30 75 52 30 50 92 51 28
40 46 105 88 78 47 48 53 58 44 36 47
28 44 56 66 60 35 75 24 52 71 49 34
50 72 29 60 27 53 45 22 58 32 34 52
26 37 112 44 52 74 61 56 71 57 39 70
31 39 62 62 41 89 93 51 77 48 56 53
79 89 84 141 41 52 95 77 52 61 60 34
57 123 53 105 57 122 78 71 53 95 58 54
58 94 72 55 54 65 49 52 92 77 50 67
38 111 70 165 65 72 57 73 111 75 51 58
56 57 41 78 28 56 53 47 44 43 35 65
32 48 145 56 65 58 48 44 84 82 69 44
38 101 61 64 45 142 98 39 82 94 89 52
24 47 93 51 65 95 48 37 39 41 81 27
57 94 76 60 43 90 76 68 74 138 116 46
69 112 58 105 38 127 82 35 127 56 83 73
32 68 59 86 48 62 91 48 52 44 33 34
35 44 81 71 66 71 73 66 81 102 78 73
101 52 86 81 49 113 56 41 110 97 58 109
30 41 75 44 77 41 52 42 39 68 48 39
61 49 47 61 54 74 112 61 71 119 66 34
46 94 63 140 59 90 111 78 78 114 112 68
43 126 53 156 68 77 68 72 62 56 89 66
36 75 96 52 29 54 82 70 58 57 49 34
61 41 70 57 99 78 43 77 59 115 47 47
31 55 55 89 68 53 44 45 52 53 53 48
39 43 51 83 52 81 48 54 63 140 95 83
29 50 62 62 72 40 65 35 53 57 47 27
76 59 65 130 42 70 84 34 76 73 50 41
35 64 93 68 45 61 66 63 87 66 95 48
22 28 44 53 29 56 59 53 48 42 45 40
51 92 115 85 49 90 81 30 112 127 78 62
51 68 69 66 84 113 57 74 64 144 65 40
51 37 95 57 29 44 52 23 63 64 33 31
37 34 76 69 69 53 73 74 98 107 76 56
70 73 88 89 69 83 82 48 126 66 47 35
54 32 42 45 32 56 77 62 47 94 57 48
37 75 57 82 52 137 79 33 45 120 52 48
29 58 68 90 28 42 88 29 39 78 60 33
54 45 63 150 46 63 58 43 136 76 58 36
33 46 65 50 50 47 34 22 61 96 61 37
76 97 61 78 73 97 55 55 51 139 63 44
32 41 52 88 33 65 49 32 38 65 55 31
27 41 43 98 33 55 70 42 60 112 66 26
81 118 105 54 60 54 101 49 136 74 91 33
46 66 54 44 64 59 58 44 48 61 87 27
28 63 55 53 100 75 42 47 50 50 50 48
26 39 40 54 65 60 70 28 53 43 50 53
34 72 74 87 39 44 43 43 50 108 40 66
30 48 57 67 42 79 116 76 82 49 89 41
52 56 61 102 39 50 51 38 76 78 51 58
26 35 55 73 79 55 53 62 51 53 38 68
48 41 68 50 103 85 54 39 57 90 120 35
83 54 145 84 74 140 125 53 88 124 55 89
42 35 53 65 65 46 47 40 55 41 79 31
33 110 145 121 44 126 63 61 120 56 92 62
32 72 64 158 80 73 100 71 92 73 97 52
43 141 60 78 66 90 100 39 106 116 60 90
29 69 32 39 28 91 59 49 51 35 64 22
41 43 69 52 92 52 70 40 45 89 53 90
28 38 37 41 33 41 72 37 63 37 63 26
44 111 60 140 76 145 51 54 63 72 69 94
35 134 107 73 81 166 95 48 57 76 74 56
97 77 58 75 99 161 120 54 111 64 72 39
70 49 87 51 39 64 105 39 63 59 97 48
33 89 86 50 56 108 102 37 52 100 131 48
64 54 56 54 100 93 125 49 51 140 126 35
43 57 68 65 80 70 41 43 48 73 42 29
22 68 59 68 27 95 32 42 45 46 32 42
33 31 96 100 51 84 44 30 36 49 41 23
35 31 53 53 57 45 62 27 57 47 30 26
1 2
2 3
3 4
4 5
4 6
4 7
4 8
4 9
5 10
6 11
7 12
8 18
9 18
10 14
11 12
12 13
13 14
14 15
14 16
15 17
16 54
17 18
18 19
18 20
19 22
20 21
20 28
21 54
22 23
23 24
24 25
25 26
25 27
25 29
26 37
27 33
28 29
29 31
30 54
31 32
32 33
33 34
34 35
35 36
35 37
36 38
37 38
38 39
39 40
39 41
39 42
39 43
40 44
41 53
42 53
43 45
44 52
45 46
46 47
47 48
47 49
49 50
50 51
51 52
52 53
53 68
53 69
53 70
53 71
54 55
55 56
56 57
57 58
57 59
57 60
57 61
57 62
57 63
57 64
57 65
57 66
58 67
59 67
60 67
61 67
62 67
63 67
64 67
65 67
66 67
67 73
68 72
69 72
70 72
71 73
72 78
72 80
73 74
74 75
74 76
75 77
76 81
77 78
78 79
79 81
80 81
80 87
81 82
81 84
81 85
82 83
83 86
84 86
85 86
86 87
86 89
87 88
87 89
-1 -1
