111
60 75 50 61 47 118 73 106 41 53 52 61 38 63 49 77 67
92 49 51 43 48 69 95 76 35 47 46 50 36 86 71 39 31
40 30 42 43 74 49 120 88 35 42 47 111 47 36 38 37 43
46 53 28 59 68 109 62 54 54 26 37 56 77 41 56 49 77
53 34 39 76 89 98 65 121 39 34 82 145 46 49 63 124 47
89 46 49 79 35 106 60 69 46 29 80 90 36 50 34 62 74
39 57 46 51 45 122 68 104 61 35 31 70 48 32 73 70 33
48 71 51 59 82 62 88 123 66 34 37 92 48 93 78 109 39
53 35 74 80 70 73 51 64 40 27 51 47 30 41 55 45 27
35 31 35 46 86 111 55 80 44 29 63 58 43 63 52 59 35
75 45 36 69 65 42 102 78 56 25 73 44 38 26 26 46 46
41 23 25 38 53 37 42 54 29 21 55 40 21 30 23 25 19
39 22 25 60 37 36 48 40 49 55 45 31 27 65 64 34 21
70 38 64 69 55 117 154 88 85 68 105 106 44 37 67 43 37
52 29 26 37 35 47 53 52 70 24 80 56 60 28 47 56 32
39 38 38 59 79 59 71 117 76 43 54 52 41 37 32 44 41
37 47 32 76 60 55 156 88 77 53 35 50 67 64 66 53 47
97 34 37 86 64 65 69 142 72 62 43 68 50 39 89 63 90
65 58 96 91 74 116 65 87 87 36 37 63 56 85 64 43 33
99 89 50 64 49 57 69 148 72 46 83 85 54 77 99 82 56
69 32 51 66 29 48 50 86 39 42 61 39 30 46 35 50 54
42 34 43 60 40 114 72 73 43 41 43 47 41 38 60 80 39
50 38 62 82 40 66 67 113 54 83 50 110 84 76 71 75 59
38 50 35 53 49 78 60 46 92 46 36 53 40 79 87 100 69
28 24 40 44 36 90 57 81 52 50 40 41 63 28 40 54 56
32 29 46 59 44 59 60 86 34 42 45 70 73 37 34 47 29
88 79 45 56 73 95 103 121 36 31 85 65 38 37 31 52 34
43 52 80 50 49 79 120 53 40 49 74 63 85 52 91 61 56
27 28 28 79 31 67 44 68 33 46 37 36 50 59 46 27 32
63 37 42 54 34 57 69 74 49 45 38 46 43 39 37 48 36
40 23 50 40 30 75 56 38 26 49 35 68 37 41 33 31 23
51 33 46 83 41 96 88 68 36 34 81 105 39 73 51 50 40
24 20 22 62 24 76 36 48 21 23 55 38 21 45 31 44 21
45 98 107 131 48 63 113 60 53 43 53 90 47 46 61 74 47
50 36 63 59 46 94 89 141 83 42 45 52 91 38 108 49 34
35 41 46 47 50 99 88 43 68 28 43 53 42 42 75 48 43
24 20 39 74 26 78 51 79 54 40 29 55 24 50 27 34 28
26 26 32 57 27 100 57 97 37 54 52 38 66 39 25 40 55
44 26 39 86 32 136 106 80 43 38 39 42 80 74 62 46 33
42 28 35 36 34 75 46 109 63 26 37 43 31 31 27 42 69
35 33 63 50 82 59 124 68 36 46 38 57 60 37 53 42 45
74 23 37 89 53 50 56 40 38 33 48 51 59 55 26 31 39
46 54 56 56 94 60 63 116 98 54 42 90 90 51 53 46 51
57 61 29 64 46 72 70 38 68 26 30 40 37 42 27 52 50
60 33 40 71 51 66 53 42 35 57 43 117 60 37 30 96 47
75 48 41 58 40 61 82 86 42 43 39 97 102 43 67 52 92
49 50 74 110 50 141 75 54 51 53 64 52 57 38 59 92 36
35 29 33 43 43 45 63 52 32 31 29 59 32 40 67 48 40
75 44 44 70 40 171 76 84 45 39 52 68 44 52 55 46 48
44 39 56 86 38 64 69 71 42 39 59 80 40 40 69 40 42
34 27 66 42 40 55 71 48 49 33 29 67 54 32 43 56 48
28 38 22 27 23 55 45 73 23 25 26 69 23 38 33 28 49
91 32 75 45 47 74 52 101 33 35 33 66 37 33 82 58 41
25 23 45 34 23 83 51 30 51 23 24 29 33 31 30 25 23
43 31 44 44 34 73 49 35 31 23 25 54 64 31 44 44 21
33 22 37 26 33 34 43 48 25 51 57 32 28 38 32 39 31
36 51 58 49 94 90 87 93 55 37 36 125 35 40 32 47 59
42 79 42 100 89 69 161 97 78 59 67 132 46 40 76 65 35
77 69 38 53 35 74 79 65 61 32 59 50 36 36 38 102 33
71 74 43 74 38 110 138 123 38 40 68 58 39 33 30 98 33
79 41 37 89 77 58 55 63 46 35 59 47 35 36 69 39 41
46 36 81 73 64 131 59 48 53 77 52 96 37 34 43 61 38
41 29 39 46 60 65 58 52 36 39 50 99 62 68 47 48 31
57 29 23 41 32 60 65 42 39 41 44 33 30 66 42 29 30
59 48 68 64 64 75 75 86 50 79 48 94 36 79 61 87 39
36 31 29 33 65 65 105 52 39 32 36 46 46 35 33 44 28
71 72 31 47 44 52 58 68 32 35 48 76 32 57 48 40 68
39 44 28 84 40 41 54 36 31 46 46 68 28 35 51 52 23
36 40 84 94 76 74 115 52 62 36 46 52 37 34 83 41 32
29 54 50 29 26 54 38 69 41 28 60 89 27 35 26 55 28
34 38 74 54 38 88 48 72 30 27 68 53 53 78 52 75 41
60 24 46 65 36 90 91 61 26 34 28 38 28 24 39 56 25
54 56 77 46 62 62 147 50 61 34 35 63 41 89 71 40 66
47 48 38 103 73 74 141 75 41 41 77 91 74 57 101 62 45
53 45 48 93 38 59 88 53 54 35 68 53 48 42 65 43 62
34 35 32 39 43 45 117 62 36 46 42 48 45 32 42 45 30
75 40 73 74 97 74 65 107 40 42 66 109 88 43 40 115 80
44 37 78 43 80 76 48 44 37 53 63 55 62 59 29 96 34
44 28 38 55 28 56 92 59 23 42 61 40 26 23 29 39 51
76 45 53 64 83 99 141 69 68 59 46 110 78 65 59 115 36
41 56 37 69 49 155 105 66 82 69 44 139 51 91 46 113 49
40 60 41 63 41 82 61 65 35 80 57 83 53 61 63 41 37
23 23 21 66 27 51 35 38 20 18 28 34 48 38 29 44 31
86 53 61 48 102 56 81 68 89 74 44 70 55 61 38 94 53
31 27 66 64 44 95 54 47 40 31 85 46 35 50 65 61 48
28 72 69 67 42 79 54 50 30 27 36 51 55 50 40 35 56
55 42 36 97 41 59 57 117 44 43 44 84 52 44 76 50 66
76 54 65 43 47 69 143 110 54 36 52 119 88 39 44 94 32
78 47 101 57 70 97 66 90 66 90 53 88 46 39 36 75 38
74 39 57 70 76 65 72 123 55 50 64 55 48 90 87 79 87
24 50 29 34 39 33 100 42 21 40 29 30 49 60 23 28 32
97 39 40 85 62 143 78 99 108 71 38 69 62 39 41 81 77
64 22 36 44 44 51 45 83 45 35 31 63 45 41 52 30 31
49 31 30 53 27 56 46 41 52 23 28 37 51 31 57 50 30
59 32 38 95 41 90 57 134 38 43 48 48 49 63 90 40 71
53 37 35 30 23 34 36 42 44 18 43 74 24 29 22 31 19
98 38 37 66 40 65 63 49 47 37 37 113 36 40 50 42 41
33 54 30 44 50 85 53 62 25 33 26 40 45 26 30 44 28
58 76 44 88 70 69 74 86 62 71 101 79 50 39 36 59 34
24 22 46 28 48 34 86 29 22 21 25 52 47 40 26 37 32
66 97 103 104 99 63 141 55 45 36 72 136 94 51 38 125 41
34 38 35 46 47 86 66 87 40 37 70 48 39 56 47 66 76
79 30 45 37 42 53 67 68 75 41 82 62 35 36 43 43 29
36 47 28 43 51 51 88 55 27 37 47 38 78 56 76 47 32
69 42 30 39 39 102 108 78 30 38 58 76 28 56 69 36 31
41 36 48 60 57 113 101 54 54 44 39 143 80 41 69 58 77
35 31 32 54 62 118 116 47 47 51 39 42 29 57 61 47 36
42 96 47 54 53 102 158 54 89 95 52 71 41 48 86 68 89
36 31 34 79 67 81 155 60 104 43 48 109 67 49 49 78 34
80 28 42 41 30 97 129 43 35 36 85 114 55 72 47 35 43
25 20 31 27 35 34 58 67 52 23 27 86 29 63 46 55 22
1 2
2 3
3 4
4 5
4 6
4 7
4 8
4 9
4 10
5 39
6 39
7 83
8 71
9 32
10 11
10 12
11 13
11 14
11 15
11 16
11 17
11 18
11 19
11 20
11 21
12 13
12 14
12 15
12 16
12 17
12 18
12 19
12 20
12 21
13 71
14 22
14 23
14 24
14 25
15 26
16 27
17 28
18 29
19 30
20 91
21 111
22 31
22 83
23 32
23 33
24 69
24 70
25 34
26 82
27 35
28 36
29 37
30 38
31 39
32 41
33 111
34 42
35 43
36 44
36 91
37 45
37 91
38 46
38 91
39 40
40 111
41 69
41 70
42 47
43 48
43 49
44 50
45 51
46 52
47 54
47 55
47 56
47 57
47 58
47 59
47 60
48 53
49 91
50 111
51 111
52 111
53 111
54 69
54 70
55 61
55 62
55 63
56 63
56 64
57 65
57 91
58 66
58 91
59 67
59 91
60 68
60 91
61 69
61 70
62 71
63 111
64 72
65 111
66 111
67 111
68 111
69 77
69 78
70 73
71 91
72 74
73 75
74 76
75 77
75 78
75 79
76 80
76 81
76 82
77 83
78 84
79 85
80 86
80 91
81 87
81 91
82 111
83 91
84 88
84 89
84 91
85 111
86 111
87 90
88 105
89 105
90 111
91 92
91 93
91 94
92 95
93 95
94 95
95 96
95 97
95 98
95 99
95 100
95 104
96 101
97 102
98 103
99 111
100 111
101 105
102 106
102 107
103 107
103 108
104 111
105 111
106 109
107 111
108 110
109 111
110 111
-1 -1
