111
41	 74	 40	 72	 43	 89	 40	 29	 39	 69	 43	 76	 60	 39	 32	 78	 39	 46	 50	 46	 85	 64
53	 91	 52	 43	 79	 109	 68	 42	 35	 67	 71	 84	 53	 56	 96	 46	 54	 33	 74	 75	 49	 59
46	 43	 47	 50	 33	 48	 56	 64	 42	 61	 64	 36	 39	 61	 23	 73	 49	 56	 94	 47	 54	 41
84	 27	 48	 56	 37	 73	 77	 22	 60	 39	 28	 31	 40	 61	 25	 42	 40	 30	 49	 57	 71	 79
135	 42	 51	 42	 75	 85	 51	 64	 44	 60	 75	 68	 110	 63	 61	 44	 59	 77	 54	 55	 64	 67
82	 44	 36	 54	 66	 62	 70	 71	 67	 63	 38	 32	 61	 52	 36	 75	 40	 30	 72	 87	 52	 127
43	 31	 26	 43	 73	 80	 37	 21	 53	 55	 25	 22	 36	 30	 24	 64	 40	 21	 57	 60	 36	 62
61	 52	 51	 33	 42	 82	 36	 53	 59	 65	 27	 27	 44	 29	 36	 29	 42	 23	 97	 40	 48	 112
58	 42	 39	 60	 45	 35	 39	 27	 38	 59	 46	 39	 45	 28	 33	 41	 58	 20	 68	 41	 27	 58
37	 32	 25	 25	 58	 45	 31	 25	 37	 44	 51	 23	 42	 28	 23	 28	 51	 49	 31	 69	 29	 51
88	 54	 37	 50	 44	 78	 96	 73	 41	 46	 44	 74	 58	 47	 28	 34	 77	 54	 127	 48	 52	 49
47	 77	 65	 95	 47	 97	 55	 48	 31	 64	 66	 72	 49	 51	 51	 52	 42	 37	 89	 93	 47	 74
106	 48	 31	 43	 49	 47	 48	 51	 54	 77	 30	 30	 41	 43	 42	 35	 48	 54	 50	 49	 52	 66
30	 48	 37	 40	 25	 44	 46	 33	 33	 69	 23	 27	 29	 20	 24	 61	 26	 37	 33	 27	 22	 66
105	 43	 43	 62	 103	 114	 101	 35	 66	 68	 59	 79	 45	 52	 40	 35	 49	 55	 68	 73	 49	 108
75	 79	 51	 35	 44	 56	 41	 58	 31	 47	 41	 59	 52	 40	 25	 28	 32	 46	 81	 57	 29	 46
50	 78	 40	 38	 88	 85	 116	 59	 69	 68	 55	 75	 92	 59	 79	 68	 76	 48	 75	 61	 76	 77
108	 47	 68	 59	 72	 126	 47	 52	 40	 76	 47	 45	 94	 81	 31	 100	 67	 62	 69	 44	 41	 86
98	 38	 59	 40	 67	 113	 42	 34	 36	 40	 35	 35	 75	 37	 63	 91	 64	 35	 54	 42	 37	 80
30	 29	 48	 52	 28	 46	 28	 32	 45	 42	 30	 26	 39	 22	 19	 29	 29	 51	 78	 51	 36	 58
159	 72	 59	 107	 121	 124	 48	 55	 47	 137	 66	 77	 55	 98	 48	 59	 82	 41	 76	 85	 55	 94
54	 29	 28	 40	 45	 35	 45	 27	 23	 33	 37	 25	 47	 49	 50	 38	 65	 22	 29	 32	 24	 58
78	 47	 79	 106	 71	 59	 116	 77	 36	 60	 99	 60	 53	 96	 46	 56	 64	 72	 54	 55	 66	 92
31	 41	 52	 30	 66	 87	 71	 41	 23	 34	 33	 32	 39	 49	 21	 25	 27	 18	 51	 29	 23	 34
45	 39	 43	 49	 62	 88	 47	 26	 31	 51	 32	 38	 79	 47	 44	 70	 70	 71	 88	 45	 40	 52
49	 73	 38	 74	 49	 55	 87	 52	 68	 75	 82	 42	 59	 57	 32	 48	 51	 30	 52	 74	 42	 69
74	 53	 38	 29	 33	 63	 33	 27	 27	 75	 54	 27	 53	 41	 23	 55	 66	 32	 96	 39	 33	 47
49	 46	 84	 48	 45	 111	 75	 27	 59	 80	 36	 46	 53	 31	 25	 39	 71	 46	 63	 88	 42	 66
45	 82	 49	 60	 60	 55	 45	 50	 26	 92	 28	 32	 40	 31	 50	 61	 42	 26	 59	 37	 88	 97
79	 82	 50	 48	 76	 100	 49	 42	 49	 114	 42	 52	 77	 48	 57	 71	 51	 44	 128	 124	 49	 64
43	 58	 32	 40	 56	 38	 33	 37	 24	 35	 27	 42	 52	 26	 58	 58	 33	 28	 50	 37	 30	 39
86	 38	 31	 48	 32	 71	 41	 24	 54	 39	 30	 67	 88	 58	 63	 47	 54	 22	 66	 47	 62	 78
35	 47	 39	 36	 82	 48	 34	 40	 52	 72	 32	 24	 68	 43	 30	 66	 57	 29	 65	 83	 74	 40
108	 112	 104	 48	 133	 116	 54	 49	 50	 58	 50	 58	 104	 102	 94	 52	 93	 68	 104	 73	 45	 164
139	 112	 58	 43	 63	 78	 61	 86	 32	 87	 42	 89	 54	 87	 59	 83	 82	 31	 145	 65	 54	 99
44	 38	 44	 81	 46	 110	 34	 41	 43	 35	 41	 30	 45	 27	 34	 50	 90	 33	 110	 60	 33	 51
39	 42	 25	 61	 33	 45	 59	 51	 34	 47	 30	 24	 43	 29	 36	 54	 78	 28	 35	 64	 28	 54
40	 57	 67	 33	 77	 41	 44	 26	 26	 41	 40	 28	 46	 44	 47	 69	 34	 23	 52	 59	 54	 98
48	 35	 42	 52	 68	 59	 92	 28	 79	 68	 58	 44	 58	 35	 28	 61	 41	 39	 79	 44	 43	 147
104	 56	 67	 43	 42	 52	 40	 29	 61	 45	 58	 43	 55	 71	 72	 66	 42	 30	 106	 111	 93	 98
92	 45	 35	 35	 39	 110	 72	 32	 43	 61	 81	 37	 54	 31	 34	 49	 64	 55	 133	 52	 75	 53
71	 28	 40	 69	 34	 64	 78	 22	 39	 70	 33	 29	 62	 41	 53	 29	 28	 53	 40	 62	 44	 37
56	 86	 52	 129	 50	 96	 98	 66	 79	 87	 53	 90	 69	 41	 46	 95	 79	 78	 103	 52	 46	 108
79	 39	 38	 59	 56	 64	 47	 60	 41	 51	 40	 33	 49	 43	 34	 81	 57	 44	 73	 69	 60	 72
64	 67	 89	 39	 39	 99	 37	 47	 47	 47	 49	 30	 90	 59	 27	 31	 44	 30	 64	 51	 34	 112
52	 87	 115	 51	 86	 63	 76	 62	 55	 104	 60	 80	 135	 69	 83	 60	 110	 41	 85	 72	 43	 104
59	 63	 40	 52	 85	 92	 44	 39	 77	 91	 44	 44	 98	 71	 56	 49	 42	 52	 66	 96	 75	 79
83	 65	 57	 36	 36	 124	 54	 64	 63	 43	 56	 30	 44	 34	 26	 33	 38	 30	 83	 58	 52	 57
73	 32	 57	 37	 41	 37	 34	 27	 20	 30	 29	 23	 31	 23	 50	 27	 44	 22	 50	 32	 24	 45
101	 54	 50	 39	 40	 58	 60	 29	 70	 50	 62	 61	 71	 36	 36	 86	 38	 27	 60	 64	 38	 52
99	 61	 78	 55	 48	 94	 69	 37	 43	 50	 39	 41	 50	 42	 79	 37	 57	 35	 51	 42	 46	 80
36	 42	 45	 24	 39	 34	 45	 43	 21	 34	 56	 28	 64	 55	 25	 42	 61	 21	 38	 35	 44	 35
52	 74	 41	 41	 86	 66	 123	 42	 31	 46	 37	 46	 139	 39	 56	 102	 54	 39	 90	 110	 50	 85
45	 25	 25	 26	 49	 47	 57	 23	 29	 65	 59	 28	 40	 31	 32	 39	 45	 23	 35	 41	 35	 40
49	 42	 89	 59	 35	 76	 53	 28	 30	 78	 35	 37	 99	 55	 46	 30	 44	 39	 57	 60	 47	 115
54	 50	 61	 86	 49	 61	 96	 50	 61	 84	 52	 61	 139	 38	 32	 71	 46	 38	 122	 82	 58	 146
87	 40	 49	 93	 78	 67	 53	 68	 36	 45	 38	 32	 48	 51	 40	 35	 49	 33	 49	 62	 94	 50
42	 33	 46	 58	 34	 50	 41	 42	 19	 36	 47	 46	 45	 46	 27	 24	 42	 41	 71	 39	 25	 50
130	 47	 36	 36	 53	 50	 102	 28	 50	 60	 42	 71	 47	 52	 40	 50	 73	 58	 67	 48	 74	 113
47	 39	 43	 30	 42	 57	 38	 63	 32	 68	 58	 26	 41	 33	 22	 29	 42	 40	 43	 42	 30	 95
30	 45	 29	 39	 71	 47	 31	 25	 31	 29	 29	 25	 47	 33	 24	 23	 46	 29	 52	 48	 38	 37
87	 35	 46	 57	 63	 83	 71	 36	 25	 35	 36	 35	 43	 33	 62	 35	 47	 48	 65	 60	 35	 118
136	 49	 64	 50	 52	 74	 66	 36	 41	 88	 83	 57	 130	 76	 38	 61	 58	 49	 62	 67	 97	 64
75	 44	 32	 33	 74	 59	 36	 36	 24	 67	 26	 25	 68	 28	 24	 28	 26	 32	 67	 31	 34	 59
35	 69	 71	 30	 31	 50	 33	 36	 53	 41	 45	 29	 47	 34	 29	 30	 35	 55	 38	 50	 36	 64
73	 47	 32	 45	 41	 46	 51	 45	 25	 77	 36	 46	 41	 42	 24	 38	 38	 22	 93	 49	 34	 87
109	 57	 41	 48	 57	 72	 129	 34	 37	 72	 78	 68	 61	 70	 51	 43	 101	 36	 117	 50	 42	 87
50	 35	 38	 40	 39	 129	 41	 44	 74	 67	 54	 30	 41	 82	 37	 69	 47	 54	 57	 87	 65	 120
57	 24	 29	 27	 70	 49	 25	 29	 18	 33	 21	 27	 47	 21	 21	 49	 48	 25	 41	 44	 29	 59
37	 52	 62	 36	 57	 82	 39	 24	 42	 49	 26	 28	 100	 41	 33	 44	 36	 43	 94	 37	 71	 57
44	 45	 49	 46	 59	 106	 87	 45	 29	 101	 54	 31	 106	 35	 32	 33	 87	 30	 108	 41	 42	 99
39	 64	 29	 57	 51	 52	 53	 38	 54	 83	 26	 46	 40	 35	 32	 27	 87	 31	 53	 40	 31	 71
81	 118	 67	 87	 79	 116	 105	 37	 52	 47	 100	 37	 76	 75	 89	 106	 63	 40	 58	 81	 84	 95
51	 69	 27	 39	 71	 93	 64	 28	 32	 40	 53	 40	 84	 40	 36	 41	 34	 39	 53	 38	 27	 57
70	 39	 103	 74	 107	 69	 70	 29	 66	 65	 40	 35	 52	 35	 37	 54	 117	 81	 75	 54	 55	 66
68	 51	 61	 61	 39	 86	 36	 31	 53	 42	 29	 45	 37	 45	 26	 28	 54	 49	 63	 46	 33	 57
85	 79	 38	 31	 54	 81	 52	 39	 31	 51	 26	 33	 46	 25	 50	 36	 62	 25	 67	 57	 40	 104
39	 30	 41	 32	 32	 50	 80	 39	 30	 36	 39	 34	 76	 67	 40	 35	 86	 40	 84	 35	 43	 69
66	 55	 68	 46	 124	 61	 99	 37	 61	 134	 41	 50	 90	 50	 33	 114	 59	 37	 59	 58	 49	 68
44	 38	 23	 54	 38	 34	 34	 18	 22	 66	 23	 43	 33	 26	 47	 34	 51	 19	 30	 36	 37	 46
91	 51	 67	 47	 48	 109	 47	 45	 34	 58	 45	 44	 155	 83	 88	 57	 51	 60	 96	 109	 51	 86
48	 52	 59	 42	 49	 89	 26	 23	 42	 55	 51	 21	 59	 57	 33	 23	 56	 37	 58	 78	 67	 46
65	 44	 54	 80	 47	 110	 78	 46	 32	 46	 58	 38	 98	 39	 27	 53	 35	 32	 89	 63	 37	 86
50	 43	 45	 29	 46	 55	 76	 46	 27	 79	 26	 30	 71	 27	 48	 34	 31	 56	 65	 56	 32	 44
91	 52	 39	 72	 79	 109	 51	 68	 65	 50	 73	 35	 118	 72	 41	 95	 50	 59	 64	 54	 39	 122
35	 57	 40	 47	 49	 76	 38	 31	 34	 35	 23	 29	 36	 51	 42	 29	 55	 20	 34	 35	 43	 52
41	 35	 31	 65	 39	 121	 56	 28	 26	 68	 45	 29	 45	 32	 55	 48	 40	 34	 92	 49	 63	 69
56	 40	 33	 42	 49	 66	 34	 29	 24	 62	 29	 27	 102	 43	 50	 63	 89	 52	 63	 44	 31	 75
60	 104	 69	 48	 49	 72	 93	 54	 30	 44	 47	 98	 110	 87	 43	 42	 99	 50	 140	 71	 42	 110
37	 33	 32	 30	 28	 87	 40	 29	 19	 29	 22	 47	 44	 21	 22	 51	 72	 20	 36	 55	 63	 61
72	 32	 34	 53	 34	 46	 38	 45	 31	 38	 28	 31	 109	 32	 56	 39	 56	 52	 41	 63	 31	 72
56	 61	 73	 38	 80	 71	 56	 38	 43	 106	 30	 30	 55	 31	 44	 73	 71	 76	 96	 70	 82	 64
55	 41	 76	 84	 103	 54	 85	 29	 33	 82	 46	 36	 44	 74	 31	 32	 38	 48	 58	 95	 35	 58
31	 36	 58	 34	 40	 87	 30	 24	 25	 32	 24	 47	 80	 23	 29	 23	 41	 54	 66	 51	 24	 52
70	 50	 39	 91	 63	 103	 69	 51	 34	 77	 96	 47	 69	 38	 35	 100	 62	 39	 60	 56	 100	 149
87	 63	 66	 69	 54	 87	 55	 42	 35	 52	 54	 42	 115	 56	 69	 66	 59	 36	 149	 52	 116	 75
62	 51	 94	 63	 80	 55	 85	 37	 33	 102	 53	 55	 56	 40	 42	 44	 57	 45	 78	 88	 76	 119
90	 48	 46	 47	 87	 68	 88	 36	 34	 89	 33	 38	 62	 39	 36	 32	 50	 40	 58	 50	 55	 120
47	 47	 31	 41	 98	 51	 86	 25	 26	 35	 54	 39	 97	 44	 26	 33	 60	 35	 42	 86	 36	 68
46	 27	 31	 30	 39	 57	 33	 44	 23	 47	 53	 54	 30	 34	 24	 46	 75	 28	 46	 41	 44	 58
75	 102	 58	 61	 47	 80	 46	 47	 29	 88	 33	 54	 67	 52	 29	 36	 45	 68	 53	 44	 83	 101
61	 93	 58	 51	 94	 74	 65	 59	 66	 107	 53	 47	 45	 87	 40	 43	 44	 27	 119	 64	 74	 86
151	 53	 47	 63	 122	 120	 51	 50	 85	 104	 91	 107	 64	 53	 61	 55	 108	 74	 100	 103	 45	 116
141	 49	 58	 54	 63	 125	 83	 32	 54	 58	 62	 85	 52	 41	 34	 43	 58	 65	 116	 70	 81	 143
112	 54	 46	 52	 43	 63	 75	 41	 69	 42	 94	 58	 57	 39	 60	 39	 58	 33	 53	 72	 106	 154
60	 45	 52	 50	 91	 65	 75	 54	 41	 77	 67	 46	 136	 77	 75	 40	 115	 62	 103	 73	 64	 61
53	 58	 37	 41	 90	 120	 46	 37	 32	 47	 43	 35	 48	 36	 46	 41	 46	 51	 58	 73	 36	 69
67	 62	 48	 41	 60	 67	 50	 38	 42	 60	 61	 42	 142	 49	 59	 73	 69	 47	 128	 59	 76	 92
78	 70	 64	 45	 36	 87	 53	 31	 70	 36	 58	 61	 51	 33	 42	 33	 91	 25	 108	 54	 32	 115
65	 41	 41	 39	 95	 88	 52	 72	 35	 61	 36	 78	 61	 83	 28	 36	 40	 37	 62	 46	 31	 68
40	 46	 28	 43	 34	 57	 67	 23	 22	 46	 56	 51	 46	 38	 64	 47	 66	 57	 89	 64	 70	 92
1 2
2 3
3 4
4 5
4 6
4 7
4 8
4 9
4 10
5 39
6 39
7 83
8 71
9 32
10 11
10 12
11 13
11 14
11 15
11 16
11 17
11 18
11 19
11 20
11 21
12 13
12 14
12 15
12 16
12 17
12 18
12 19
12 20
12 21
13 71
14 22
14 23
14 24
14 25
15 26
16 27
17 28
18 29
19 30
20 91
21 111
22 31
22 83
23 32
23 33
24 69
24 70
25 34
26 82
27 35
28 36
29 37
30 38
31 39
32 41
33 111
34 42
35 43
36 44
36 91
37 45
37 91
38 46
38 91
39 40
40 111
41 69
41 70
42 47
43 48
43 49
44 50
45 51
46 52
47 54
47 55
47 56
47 57
47 58
47 59
47 60
48 53
49 91
50 111
51 111
52 111
53 111
54 69
54 70
55 61
55 62
55 63
56 63
56 64
57 65
57 91
58 66
58 91
59 67
59 91
60 68
60 91
61 69
61 70
62 71
63 111
64 72
65 111
66 111
67 111
68 111
69 77
69 78
70 73
71 91
72 74
73 75
74 76
75 77
75 78
75 79
76 80
76 81
76 82
77 83
78 84
79 85
80 86
80 91
81 87
81 91
82 111
83 91
84 88
84 89
84 91
85 111
86 111
87 90
88 105
89 105
90 111
91 92
91 93
91 94
92 95
93 95
94 95
95 96
95 97
95 98
95 99
95 100
95 104
96 101
97 102
98 103
99 111
100 111
101 105
102 106
102 107
103 107
103 108
104 111
105 111
106 109
107 111
108 110
109 111
110 111
-1 -1
