111
34 90 38 38 23 36 42 22 22 52 25 49 64
35 55 41 33 60 76 39 36 37 56 38 122 46
43 65 32 48 39 51 56 37 29 91 26 53 40
90 70 52 39 62 77 54 69 50 117 83 61 53
60 57 54 104 35 154 72 60 39 54 42 70 56
42 81 55 60 44 53 76 33 33 81 40 116 121
50 64 74 38 97 67 53 53 36 60 55 119 70
33 141 44 52 46 116 57 84 34 52 67 80 80
36 90 58 43 37 50 61 32 71 80 59 46 46
49 137 82 47 43 79 81 32 90 133 35 97 63
71 85 50 77 34 96 30 70 30 67 46 39 40
36 66 39 42 31 51 36 70 75 54 42 57 54
62 89 63 28 25 64 57 26 28 46 28 40 43
91 64 48 57 47 82 36 37 40 59 56 60 60
39 71 30 32 30 79 58 31 37 66 38 106 90
24 32 38 22 37 35 23 21 21 32 21 38 27
44 121 58 35 31 85 39 26 42 52 35 43 87
32 48 48 39 27 52 45 39 81 119 67 49 49
23 99 35 54 39 57 35 20 26 41 55 38 41
53 150 70 79 34 79 64 55 37 96 50 72 83
104 62 61 39 41 98 76 79 107 74 36 60 66
86 95 37 50 73 68 41 46 68 148 43 65 83
54 51 23 34 26 43 44 45 29 38 26 46 57
26 49 37 32 51 68 43 23 20 44 30 45 49
38 48 44 39 49 100 61 51 76 55 27 89 77
58 153 84 39 64 78 43 72 36 112 65 63 104
36 72 31 49 36 48 34 44 60 51 35 49 46
28 51 62 65 23 45 31 39 46 42 36 95 89
28 62 68 29 66 45 44 47 28 51 36 44 48
64 88 22 27 42 41 37 21 35 35 36 39 73
55 49 28 62 44 63 64 34 62 59 42 50 56
36 60 32 79 53 129 61 46 86 122 53 80 49
29 59 22 59 34 41 28 36 27 35 50 32 30
38 102 66 60 40 132 93 71 47 74 66 74 47
70 67 43 38 69 68 49 33 65 91 39 65 87
47 94 90 61 52 58 54 44 34 68 57 81 73
44 32 27 32 28 46 35 28 39 39 27 50 55
27 48 26 51 37 43 36 63 57 115 34 76 97
45 90 45 73 32 58 50 53 70 128 34 117 109
37 41 23 28 25 113 30 42 24 94 57 91 35
34 102 30 31 27 44 33 43 31 80 35 87 37
74 76 28 56 30 51 56 32 46 90 26 41 67
37 94 35 32 44 50 41 36 45 82 34 49 41
62 80 39 47 40 77 41 36 66 58 44 120 86
44 128 82 54 69 98 78 80 61 80 56 71 67
30 64 28 70 23 52 54 25 40 42 27 39 34
44 60 66 67 29 115 61 33 38 53 39 82 66
51 41 46 31 60 100 30 41 29 64 35 88 78
33 45 59 27 46 40 26 23 27 46 55 81 46
36 52 32 40 32 59 32 33 49 65 33 111 52
58 88 40 36 62 53 37 43 33 57 38 60 49
21 34 19 20 21 32 23 40 23 29 21 56 64
26 89 28 37 24 65 27 26 29 33 34 36 36
35 108 43 56 38 49 71 27 42 46 34 43 80
33 70 19 38 21 82 26 26 51 31 20 83 58
34 65 42 48 25 52 51 33 33 105 41 46 36
33 60 32 46 64 89 37 34 33 75 28 52 65
48 83 41 73 35 91 50 56 39 70 70 50 50
61 101 70 64 34 76 75 33 34 91 32 113 54
91 154 71 51 80 75 43 42 46 55 36 49 51
23 42 50 25 26 43 28 41 24 39 24 41 35
36 59 74 66 35 60 40 30 65 57 50 62 121
49 36 24 24 31 83 23 31 23 42 40 48 63
39 60 24 23 20 55 28 26 34 37 32 41 51
32 119 59 96 50 109 82 41 46 65 83 81 77
53 60 48 93 32 89 54 74 54 68 36 53 53
29 43 38 31 20 61 28 28 45 38 44 45 36
27 53 28 45 28 42 50 26 35 51 28 48 38
46 72 54 58 34 57 48 41 39 107 39 132 103
84 75 95 89 55 66 38 66 98 59 36 79 100
68 158 43 48 65 72 62 50 56 71 37 61 93
25 80 24 32 30 42 61 34 23 40 44 38 78
38 56 29 41 61 57 80 30 36 55 52 54 37
59 142 64 86 68 51 33 36 30 100 40 87 70
32 55 52 66 51 88 28 54 44 52 40 106 77
38 98 56 38 59 124 98 52 51 67 77 71 72
55 46 54 34 38 87 33 42 58 113 43 55 54
65 72 68 40 93 71 76 52 49 53 34 60 46
25 37 24 21 21 51 36 32 35 48 45 60 43
26 69 40 54 19 45 49 26 24 52 46 33 34
54 112 56 64 47 63 82 72 36 56 60 103 115
37 60 42 57 43 130 84 36 87 142 37 56 60
39 39 31 32 47 58 33 37 54 54 37 58 42
86 72 70 40 43 157 74 39 51 57 57 96 57
29 49 49 30 43 73 36 33 31 43 47 80 71
31 38 25 31 33 54 31 19 22 41 29 41 30
32 86 48 86 39 93 77 35 54 48 41 68 42
46 66 78 37 35 94 43 34 42 52 47 92 84
32 77 23 39 41 36 43 20 56 35 20 45 45
53 149 72 36 43 119 96 53 84 80 40 71 76
44 84 46 38 73 70 40 54 37 48 42 53 54
28 81 38 48 60 52 47 65 63 47 39 55 59
89 152 62 40 44 80 56 61 41 154 34 105 88
76 86 56 49 41 56 34 69 38 96 70 106 44
22 68 45 24 50 82 43 23 45 44 40 31 43
56 124 57 41 31 96 35 48 34 72 53 56 43
29 56 19 39 23 31 35 19 19 34 25 63 28
29 58 30 44 41 122 38 28 30 42 28 106 44
88 64 36 97 34 51 33 51 59 78 42 47 56
35 138 50 51 72 62 71 36 44 59 64 58 86
35 55 27 46 50 67 34 30 22 55 53 31 49
87 129 46 84 44 83 39 34 40 64 33 59 49
47 122 41 64 28 88 47 46 50 47 34 41 74
61 80 55 29 57 46 36 32 42 51 26 87 55
28 62 41 43 22 50 24 45 66 90 23 34 50
28 57 46 35 38 45 51 33 29 44 26 47 55
30 46 38 46 69 45 67 27 31 71 32 56 51
22 38 39 21 27 59 30 27 39 53 19 32 56
43 106 33 51 75 87 36 53 48 104 36 63 38
34 82 37 32 30 141 33 61 55 130 31 60 44
32 74 83 33 49 97 38 59 36 97 37 54 59
1 2
2 3
3 4
4 5
4 6
4 7
4 8
4 9
4 10
5 39
6 39
7 83
8 71
9 32
10 11
10 12
11 13
11 14
11 15
11 16
11 17
11 18
11 19
11 20
11 21
12 13
12 14
12 15
12 16
12 17
12 18
12 19
12 20
12 21
13 71
14 22
14 23
14 24
14 25
15 26
16 27
17 28
18 29
19 30
20 91
21 111
22 31
22 83
23 32
23 33
24 69
24 70
25 34
26 82
27 35
28 36
29 37
30 38
31 39
32 41
33 111
34 42
35 43
36 44
36 91
37 45
37 91
38 46
38 91
39 40
40 111
41 69
41 70
42 47
43 48
43 49
44 50
45 51
46 52
47 54
47 55
47 56
47 57
47 58
47 59
47 60
48 53
49 91
50 111
51 111
52 111
53 111
54 69
54 70
55 61
55 62
55 63
56 63
56 64
57 65
57 91
58 66
58 91
59 67
59 91
60 68
60 91
61 69
61 70
62 71
63 111
64 72
65 111
66 111
67 111
68 111
69 77
69 78
70 73
71 91
72 74
73 75
74 76
75 77
75 78
75 79
76 80
76 81
76 82
77 83
78 84
79 85
80 86
80 91
81 87
81 91
82 111
83 91
84 88
84 89
84 91
85 111
86 111
87 90
88 105
89 105
90 111
91 92
91 93
91 94
92 95
93 95
94 95
95 96
95 97
95 98
95 99
95 100
95 104
96 101
97 102
98 103
99 111
100 111
101 105
102 106
102 107
103 107
103 108
104 111
105 111
106 109
107 111
108 110
109 111
110 111
-1 -1
