148
53 45 27 49 37 44 70 34 58 29 76 30 40 36 27 56 57 51 45 60 31 65 34 64 32 58 53 57 71
48 46 55 130 65 36 65 35 53 50 70 29 42 32 52 49 56 67 40 36 29 38 71 31 79 54 65 41 93
71 94 52 85 59 38 38 23 71 45 41 31 23 31 28 104 29 37 29 42 39 31 51 23 64 43 53 27 45
53 52 47 48 27 37 36 31 31 39 51 26 20 28 39 89 47 24 38 61 38 60 59 50 36 38 26 23 30
78 115 30 111 35 77 123 65 100 40 56 65 61 39 51 69 39 67 38 69 49 52 44 61 45 54 57 48 91
63 50 28 50 42 41 106 52 51 31 77 31 43 85 27 52 79 30 66 81 34 34 34 53 34 64 40 29 48
37 101 28 98 69 48 64 25 76 46 62 45 40 55 34 92 41 52 37 72 40 37 30 68 36 85 41 61 59
83 78 62 83 90 44 52 88 58 44 106 72 85 81 38 156 47 91 82 91 89 83 60 50 36 76 92 40 56
61 124 44 55 36 47 44 36 100 37 44 58 34 35 35 51 31 71 41 38 25 41 63 35 46 92 43 55 72
43 80 65 135 54 38 114 28 35 26 42 30 48 36 37 56 31 32 35 39 26 37 53 46 66 76 74 58 43
26 37 20 43 39 63 31 46 30 20 67 28 36 24 27 73 32 24 47 50 45 26 32 22 51 92 46 36 80
79 62 33 67 74 43 72 28 78 78 84 59 29 37 61 99 65 77 63 49 44 39 37 50 50 55 73 40 112
72 87 51 109 35 33 107 23 55 45 38 50 48 74 33 58 42 32 65 51 55 37 31 35 54 72 80 48 89
58 88 63 108 37 45 89 36 99 33 107 35 36 46 43 117 99 52 45 115 41 66 52 61 67 76 85 85 92
42 48 67 75 54 87 84 26 47 38 54 28 45 45 46 110 60 37 40 65 34 80 35 31 44 95 63 28 63
90 85 80 144 47 54 55 36 77 39 68 72 52 39 83 73 56 57 41 59 46 84 49 53 36 65 94 41 63
55 68 36 90 45 78 60 28 45 57 45 31 44 37 30 62 34 75 79 80 34 39 32 31 70 66 95 54 60
35 51 25 67 22 33 38 34 30 20 31 26 24 59 41 49 31 20 59 30 33 26 21 26 22 67 62 23 28
53 69 34 50 45 55 44 27 35 24 64 35 31 33 59 57 30 24 32 36 35 37 28 34 31 53 65 53 40
43 87 41 107 34 71 54 36 89 70 57 91 31 79 83 76 43 47 41 45 65 100 66 35 54 119 115 65 97
27 76 22 85 51 30 31 20 60 22 80 41 34 29 21 102 34 28 54 34 57 26 30 39 49 74 64 36 39
89 73 91 122 74 89 101 36 65 36 89 52 61 43 36 91 80 82 68 49 38 71 61 36 54 162 54 36 70
57 82 82 89 63 56 62 54 59 56 80 37 36 93 38 65 44 41 112 56 41 73 46 44 47 67 88 38 140
41 55 58 60 51 76 93 75 53 59 82 32 54 37 33 55 85 65 62 82 76 99 31 32 37 65 80 85 45
83 54 42 50 28 56 47 62 35 39 70 35 35 46 40 114 38 46 76 61 24 37 32 35 33 87 72 44 83
54 60 40 128 75 86 88 31 60 38 50 58 44 46 36 62 35 55 49 91 87 82 44 38 57 61 46 35 116
57 53 38 66 61 99 79 27 94 51 103 65 63 44 59 63 54 26 75 49 74 50 60 64 29 54 84 36 84
48 84 34 69 55 87 71 41 54 30 53 47 84 56 90 105 60 45 47 108 43 39 33 42 51 59 114 51 42
44 140 58 159 85 49 101 43 41 48 50 57 32 48 44 102 43 64 57 43 38 115 38 79 43 114 62 63 71
27 35 19 76 26 29 38 23 46 23 62 27 31 23 21 54 41 29 69 76 20 48 45 24 31 37 29 20 47
37 48 25 138 73 57 45 40 62 40 74 36 27 53 28 53 37 48 36 94 34 49 50 42 33 60 51 64 55
48 87 30 103 65 56 78 34 49 63 67 46 38 40 32 139 40 72 42 59 46 66 33 33 56 116 66 43 87
132 67 39 67 91 76 59 47 109 63 137 64 46 56 96 109 71 53 70 49 60 58 40 42 91 112 103 47 56
31 100 20 95 31 42 31 54 30 56 41 36 26 36 44 45 51 27 31 70 43 28 36 20 28 91 28 55 31
47 82 32 95 50 55 126 30 119 53 95 39 84 111 33 79 48 49 46 114 39 120 93 65 36 125 64 56 79
42 120 28 70 33 80 51 32 45 27 108 28 30 57 27 61 33 33 34 57 31 83 40 49 34 70 45 50 55
59 66 54 61 38 49 57 78 68 40 72 39 47 65 33 153 59 70 53 75 45 54 96 40 83 77 49 75 52
69 50 70 50 38 75 65 61 80 29 44 37 47 33 38 62 36 56 50 71 36 35 61 51 42 47 45 50 41
94 63 71 146 40 59 74 53 61 59 90 65 82 44 89 108 70 73 94 58 78 47 48 44 45 65 138 46 50
74 67 75 109 39 104 103 27 38 44 86 35 38 78 47 118 34 30 42 95 71 52 82 59 93 84 50 37 44
38 69 74 105 39 37 59 70 83 26 57 61 29 81 48 72 37 27 38 79 34 37 30 32 48 110 54 52 55
54 52 78 57 88 71 58 42 49 32 56 42 40 98 43 149 54 41 38 89 34 79 54 37 33 125 53 32 61
27 80 41 93 36 27 29 22 38 45 66 29 43 29 55 48 38 50 35 39 44 32 23 32 24 62 27 23 45
62 74 37 137 40 51 70 79 56 31 80 61 44 76 31 130 41 48 51 78 40 40 53 50 46 77 56 58 81
109 121 55 58 62 41 67 78 61 32 54 40 48 59 38 56 40 37 52 44 78 62 48 33 32 64 121 45 88
46 73 31 112 81 71 53 49 44 55 47 76 73 38 48 151 46 68 43 58 41 61 60 35 46 114 79 39 46
89 77 45 87 44 51 99 38 105 40 89 55 55 102 66 89 96 44 92 129 84 46 95 45 62 188 68 53 76
90 59 34 148 89 64 80 43 52 35 56 55 72 49 58 71 93 94 60 52 34 67 43 45 45 87 73 46 84
78 46 43 48 72 45 47 67 54 28 57 29 65 34 31 54 40 35 45 83 57 36 31 25 30 62 47 47 56
90 71 45 113 86 87 97 58 62 35 73 42 33 49 84 75 51 41 56 50 64 90 57 35 97 101 67 43 96
42 48 39 44 29 29 57 29 36 53 84 25 58 52 25 70 42 25 74 72 22 28 25 28 29 40 46 32 53
50 52 31 137 31 100 108 40 76 27 64 34 66 80 47 139 58 28 98 38 49 59 34 58 84 101 47 31 62
43 66 40 35 32 32 73 28 41 43 30 24 32 39 32 40 55 20 51 41 45 33 30 23 36 32 57 40 27
48 98 32 111 29 43 42 58 34 29 106 36 45 76 66 49 49 47 63 39 40 51 79 38 31 50 102 50 58
69 68 53 149 110 50 85 37 88 75 73 37 47 46 51 154 43 92 77 61 38 51 58 74 87 66 53 73 87
48 119 33 164 50 59 75 47 54 68 96 35 50 50 42 106 61 33 79 84 51 87 46 53 56 134 48 60 60
95 70 37 145 39 57 77 35 57 52 86 96 52 112 94 76 46 57 44 81 35 49 58 87 34 121 48 35 106
34 74 46 45 44 39 39 43 38 39 89 25 28 53 27 109 41 36 62 35 30 50 31 54 37 120 38 29 52
28 45 21 67 49 46 34 47 38 25 43 24 23 39 24 61 28 21 35 29 23 36 24 20 31 90 46 50 50
33 37 29 78 38 81 31 38 54 38 85 31 32 45 33 63 36 36 26 36 21 49 39 21 41 55 30 55 68
42 43 41 46 45 66 38 51 65 40 52 33 30 31 44 90 36 33 33 94 38 59 58 51 31 85 57 28 36
52 52 29 64 36 94 61 56 49 70 100 50 33 44 31 104 38 30 53 70 56 82 68 58 33 58 101 38 117
60 93 44 46 30 28 79 25 32 21 72 26 26 41 28 84 31 47 62 58 30 50 58 22 53 37 51 27 70
62 67 43 77 61 51 128 54 55 46 86 76 73 107 102 63 62 39 46 61 46 86 79 58 61 75 59 54 92
57 59 60 60 54 40 82 68 105 44 75 40 60 41 35 53 49 39 50 111 41 45 61 36 38 97 61 37 79
32 69 25 69 55 67 53 40 47 39 41 54 25 32 22 90 56 30 36 73 48 37 30 48 37 44 28 40 51
51 64 83 68 68 106 87 30 56 35 62 33 36 66 44 144 56 66 77 101 47 53 90 60 43 117 105 39 101
46 66 32 98 35 104 49 49 99 35 53 75 37 78 40 88 32 29 48 62 36 65 31 29 36 50 47 36 108
68 101 54 57 56 63 45 55 32 59 68 27 27 33 27 47 64 29 81 38 49 50 38 34 40 68 37 33 44
43 63 31 107 40 48 83 38 79 36 63 72 54 68 69 69 48 85 47 78 39 53 34 34 57 59 55 39 95
38 93 28 47 36 35 54 29 31 25 60 33 28 36 29 79 48 31 35 52 36 59 30 32 53 39 31 26 87
115 82 39 103 98 71 78 52 48 45 55 63 50 61 86 92 77 34 60 48 50 84 64 54 41 64 56 67 53
69 106 37 123 61 40 69 42 60 35 67 31 53 60 29 61 57 32 35 61 46 48 42 29 38 58 52 55 77
36 91 38 50 32 51 59 36 47 27 80 27 29 29 29 53 39 26 85 40 36 33 49 28 38 45 49 48 44
49 67 34 74 53 52 107 33 46 96 67 40 35 60 38 63 73 43 64 97 42 47 41 37 65 134 58 36 130
73 49 57 107 35 66 77 38 36 61 44 39 48 81 61 49 42 38 42 69 42 59 31 32 73 88 38 32 40
82 82 90 167 39 74 114 32 45 35 60 65 76 101 33 61 62 70 99 65 43 82 39 38 85 92 59 75 49
73 45 31 66 43 33 33 26 53 49 56 38 25 34 26 53 41 39 31 32 29 31 25 44 26 62 65 26 37
44 106 48 89 53 54 61 43 47 55 64 29 42 36 37 52 32 69 38 74 29 54 32 39 47 47 41 31 65
79 59 40 53 31 32 35 32 42 30 35 42 23 37 65 44 34 37 39 41 43 29 37 57 43 51 31 57 62
51 89 23 48 31 53 34 19 55 23 34 23 28 25 46 57 23 25 67 58 20 45 23 45 47 61 28 27 32
50 79 39 54 29 69 46 58 51 28 48 43 23 31 37 60 39 63 30 52 39 42 32 44 25 60 32 41 47
55 65 21 59 45 31 37 20 42 47 37 36 22 54 31 65 29 33 33 85 43 75 24 47 33 99 30 40 38
43 72 43 58 42 93 40 36 44 33 50 77 28 41 35 94 38 26 73 48 30 39 38 28 56 88 43 65 72
71 72 43 72 85 76 62 37 105 39 103 61 44 45 39 151 100 35 48 86 54 46 100 38 41 94 48 83 53
37 40 23 65 43 62 58 47 32 41 44 54 40 66 22 53 39 24 51 64 54 34 35 23 28 45 56 57 60
47 92 47 72 49 77 66 33 51 33 50 80 47 48 48 64 64 47 52 96 40 57 78 48 87 68 44 72 50
56 38 24 54 27 66 59 42 27 23 39 21 24 25 39 45 27 34 28 50 23 44 22 25 25 93 65 22 58
48 78 30 104 28 30 52 18 38 52 30 20 34 44 29 46 30 21 31 51 26 41 25 44 23 50 56 20 43
49 86 36 103 89 96 100 34 59 60 134 60 54 53 69 129 67 86 48 52 45 82 44 50 68 71 62 64 72
112 86 39 102 108 98 58 86 111 75 74 42 34 103 68 60 38 41 46 62 70 63 83 78 40 119 83 99 106
49 66 35 136 87 52 57 40 117 39 102 86 31 54 45 107 35 37 39 99 34 44 56 36 90 111 109 35 45
48 57 53 68 86 45 52 30 107 33 88 30 57 56 43 92 43 30 50 43 31 42 56 66 42 70 83 40 113
34 39 35 43 43 39 38 22 68 48 36 27 47 40 53 56 26 21 53 64 28 70 64 52 29 69 32 64 31
67 69 57 64 80 62 51 54 53 41 123 58 50 79 36 111 78 63 61 78 47 96 56 80 80 67 70 92 51
80 48 27 131 33 43 52 30 43 40 43 67 27 74 28 83 40 32 87 40 35 88 82 60 39 49 49 69 60
68 39 38 40 33 38 33 26 29 26 60 35 23 41 35 70 31 34 43 39 29 49 29 46 24 61 49 27 71
55 135 50 77 50 52 153 35 50 44 72 72 78 54 48 67 86 77 72 60 99 127 44 92 62 66 89 41 64
41 61 28 84 36 55 67 57 55 30 72 55 53 38 72 74 35 40 77 44 28 82 32 61 69 101 47 42 48
65 71 36 47 38 71 44 38 63 26 39 21 48 34 57 68 26 25 29 57 24 26 40 31 35 97 60 24 69
48 60 28 106 37 70 40 34 39 50 40 25 61 66 33 47 29 22 37 46 22 53 44 66 26 60 75 57 55
102 121 68 173 45 60 82 35 55 40 95 47 38 115 45 64 62 45 129 131 40 125 40 79 95 166 62 48 60
49 89 39 80 66 61 56 35 58 77 52 89 40 40 38 104 66 49 103 52 58 44 69 31 47 111 105 45 57
57 80 32 46 45 37 68 27 54 32 82 57 49 55 50 118 31 25 79 37 26 60 32 58 30 89 58 29 63
49 78 44 55 40 49 72 51 57 35 54 52 68 33 53 52 63 59 50 58 68 58 53 65 28 97 41 38 70
30 39 24 81 23 28 64 21 36 26 61 44 30 31 32 46 58 20 46 43 19 41 33 24 42 35 59 20 74
49 65 29 55 54 66 53 29 70 57 101 32 35 32 39 45 66 26 34 36 29 34 29 36 34 52 36 49 66
71 80 26 88 35 38 86 52 44 69 44 45 41 85 70 61 50 32 37 68 44 51 84 30 90 49 46 50 55
55 42 26 55 27 38 70 32 40 44 53 42 46 42 53 66 58 37 30 46 49 48 46 24 33 121 79 57 52
53 49 31 63 57 32 49 38 34 29 53 37 39 56 27 91 55 64 46 65 49 88 28 59 51 53 36 50 34
38 36 24 55 28 32 46 19 44 28 66 55 43 32 33 40 52 27 66 35 50 39 21 32 29 36 52 37 28
63 90 39 66 38 47 76 40 83 39 79 55 35 104 39 75 80 57 61 84 55 46 39 49 51 84 115 48 64
47 107 48 116 43 46 81 32 61 55 115 40 36 76 40 114 84 42 88 59 47 87 47 35 50 118 49 61 52
36 42 22 47 59 53 84 27 27 21 39 27 26 35 43 45 22 20 47 27 51 41 40 36 41 68 55 20 35
118 81 49 122 43 96 95 77 43 45 94 53 56 99 95 60 74 41 56 93 59 57 60 55 47 61 46 42 49
47 73 53 61 61 71 55 46 44 63 116 63 41 116 57 68 37 39 51 75 36 111 67 41 105 73 134 77 70
108 117 37 139 70 92 55 65 62 70 62 84 61 49 53 73 63 35 81 69 54 57 81 49 42 122 69 61 69
87 63 42 79 48 127 149 52 59 41 132 51 43 49 36 76 48 39 78 58 54 46 40 33 84 147 103 46 58
52 61 60 85 42 41 85 32 52 37 91 85 28 35 66 109 35 43 45 97 32 66 31 46 39 132 47 36 46
97 88 61 90 32 42 56 34 53 30 60 50 65 87 38 55 57 56 57 82 72 63 41 50 36 78 60 40 72
78 80 53 104 34 57 63 56 51 59 69 35 90 40 35 144 77 66 42 111 62 85 40 62 92 68 50 38 50
50 171 61 67 85 47 52 36 132 37 65 44 65 98 44 85 45 42 65 77 46 60 73 91 75 116 87 61 66
98 84 50 104 47 128 60 44 93 45 150 48 36 52 48 73 85 38 109 92 60 102 42 57 41 113 84 44 59
32 62 28 55 25 54 40 50 50 46 55 24 44 48 67 63 38 33 31 56 56 60 53 27 42 81 41 63 80
61 151 62 76 39 98 61 77 88 67 118 43 79 51 70 57 93 36 102 67 36 61 35 35 46 62 89 32 83
63 101 45 119 54 72 137 81 97 45 159 103 45 116 50 128 74 78 108 113 44 65 97 86 58 70 105 108 104
53 91 42 110 40 67 75 71 53 68 54 77 83 41 79 57 37 33 55 60 41 45 58 31 44 55 46 33 108
49 63 43 65 34 45 40 66 69 70 54 33 30 42 26 55 51 31 53 86 37 39 34 46 66 47 39 64 41
45 60 44 58 51 46 42 37 38 48 59 65 24 74 36 59 50 28 55 99 53 70 36 64 53 83 55 35 45
50 68 64 106 66 46 72 42 79 31 54 54 40 48 47 63 101 55 41 60 40 56 52 60 83 59 46 39 55
48 103 38 61 47 77 56 24 30 31 42 42 21 32 30 47 44 44 37 32 56 33 53 30 32 41 38 26 31
48 86 41 63 41 41 52 43 83 44 60 68 65 72 65 118 70 52 58 65 59 101 55 33 82 116 73 47 81
91 105 60 55 43 41 61 28 58 31 94 39 29 41 39 57 32 47 42 65 35 47 49 26 37 79 53 47 73
27 34 24 42 32 33 53 36 51 22 45 40 21 44 39 34 32 31 44 38 22 62 26 34 47 41 52 28 59
55 51 38 102 35 41 51 55 36 35 56 33 61 37 38 82 40 46 36 50 27 38 66 51 51 100 85 35 73
117 113 88 80 37 99 52 81 84 71 68 84 35 58 38 123 85 79 105 141 98 47 50 75 103 70 99 93 66
45 47 59 54 55 51 79 54 80 28 98 41 31 96 34 52 33 41 91 60 48 35 50 38 39 51 42 41 47
37 79 60 65 34 38 64 33 47 39 97 35 26 33 29 42 28 27 36 63 24 33 30 47 69 57 59 44 35
69 71 52 67 45 67 49 53 51 46 68 39 64 76 33 106 45 30 60 51 33 69 58 74 74 77 62 41 62
49 88 77 129 42 87 55 72 109 60 76 34 34 46 48 58 57 62 41 110 63 91 36 66 78 76 80 36 56
68 116 71 126 44 59 127 42 46 35 90 38 42 51 56 67 44 91 63 85 40 95 67 90 38 67 89 89 98
73 51 58 98 33 49 53 27 31 57 59 39 42 37 35 81 45 26 36 53 61 49 25 44 31 82 75 61 55
64 55 32 53 57 62 105 33 66 65 47 52 33 38 39 69 47 75 35 98 32 40 35 52 36 104 40 82 52
49 65 36 166 55 106 98 79 77 46 79 41 34 67 38 117 72 48 41 121 76 55 35 72 42 77 58 40 121
80 76 28 88 42 37 60 30 52 55 43 27 41 55 34 65 39 35 38 80 42 43 71 69 29 65 68 36 60
43 42 23 36 38 53 36 20 37 30 30 22 32 22 22 65 22 40 63 39 21 49 23 23 35 39 32 24 28
41 50 41 50 30 66 54 22 39 29 71 27 23 83 27 52 35 33 63 39 47 52 54 36 56 103 34 34 41
62 110 44 57 39 114 68 51 41 44 57 91 69 40 78 54 57 57 49 68 60 101 34 32 49 91 58 82 44
1 5
1 6
1 7
1 8
2 3
3 4
3 5
3 6
3 7
4 8
5 14
6 9
7 14
8 10
9 14
10 14
11 12
12 13
14 15
14 16
15 17
16 17
17 18
17 19
18 20
19 20
20 21
20 22
20 23
20 24
21 25
21 26
21 27
21 28
22 25
22 26
22 27
22 28
23 25
23 26
23 27
23 28
24 25
24 26
24 27
24 28
25 29
26 29
27 29
28 29
29 31
31 36
32 34
33 35
34 36
35 36
36 37
37 38
37 45
38 39
39 40
40 41
40 48
40 54
42 43
43 44
45 46
46 47
47 48
47 49
47 54
50 51
51 53
51 69
52 53
54 55
54 72
54 76
54 89
54 90
55 133
56 73
57 82
58 86
58 88
59 75
59 89
61 62
62 63
63 67
64 65
64 71
64 72
65 66
65 99
66 67
67 68
68 95
68 98
69 79
70 71
72 134
73 86
73 88
73 89
73 90
73 96
74 75
75 90
75 97
76 77
77 78
78 82
79 85
79 80
79 143
79 146
80 81
81 82
82 83
83 84
84 106
86 87
90 111
91 105
92 135
95 101
96 104
98 101
99 100
100 101
101 102
101 103
102 127
103 127
105 119
106 107
107 108
108 109
109 110
111 112
112 113
113 114
113 116
113 120
113 123
113 128
114 115
115 125
116 117
117 118
118 126
120 121
121 122
122 126
123 124
124 125
128 129
129 130
130 131
130 137
132 135
133 135
134 135
135 136
138 139
139 140
141 142
142 143
142 146
142 147
142 148
144 145
145 147
145 148
-1 -1
