148
36 32 36 60 54 27 47 32 59 41
49 44 90 119 125 82 82 52 122 73
82 67 47 84 129 32 67 49 103 79
54 49 77 53 134 38 61 61 81 51
52 41 64 47 108 88 60 77 98 58
54 51 114 127 158 35 47 46 41 65
46 28 30 27 39 19 28 70 30 48
55 88 61 45 115 32 45 72 64 67
30 44 42 79 44 25 48 58 31 33
62 66 51 38 46 42 28 50 38 54
49 49 59 59 152 44 108 54 84 69
39 39 41 49 58 66 36 42 67 52
45 41 71 76 79 42 75 85 52 86
43 62 70 50 153 71 61 125 41 61
34 56 47 68 134 56 53 56 41 54
45 51 64 49 62 63 53 55 61 81
49 30 53 74 65 35 75 67 42 34
57 50 123 45 138 48 68 85 103 66
37 77 77 89 88 35 115 58 111 54
84 89 101 67 115 38 109 85 72 99
51 60 78 59 76 80 42 91 49 48
28 38 61 54 64 27 33 30 32 41
45 35 52 93 79 37 52 48 70 50
38 26 42 50 50 38 24 30 27 26
35 36 76 39 86 43 39 84 72 35
35 71 50 49 69 31 78 76 52 42
53 62 33 53 50 25 77 39 31 33
55 67 39 61 77 24 53 52 80 54
32 32 63 64 45 52 30 47 36 88
63 64 83 31 61 30 56 32 33 39
25 29 66 64 52 30 63 44 28 30
51 87 99 47 83 37 37 77 87 65
40 100 62 86 71 44 63 64 73 52
20 27 53 50 45 38 58 38 56 45
36 45 45 45 134 34 88 85 40 58
41 45 78 47 124 41 59 63 45 60
40 77 52 91 84 30 53 45 54 55
21 44 67 63 55 30 60 57 26 27
46 67 56 54 151 37 75 84 43 48
26 29 32 53 73 59 27 74 56 44
57 43 109 48 122 29 55 99 93 42
34 30 90 43 71 33 53 66 31 58
61 66 107 57 50 47 96 91 102 44
35 30 40 40 104 42 44 58 53 37
25 33 73 31 44 27 44 45 41 33
78 46 100 63 85 33 84 65 58 78
102 56 68 65 68 55 43 78 46 116
29 46 89 35 59 30 32 38 39 33
48 34 31 29 54 50 70 84 36 34
29 32 94 89 63 64 46 45 51 46
24 27 41 34 47 25 36 80 40 36
60 88 100 123 126 69 41 113 59 74
29 85 79 53 67 28 63 106 36 36
54 55 118 56 57 41 40 69 47 52
59 42 49 77 47 20 38 31 43 33
24 35 28 33 42 23 45 35 32 24
68 37 48 64 75 87 55 48 99 93
28 52 51 40 76 36 43 48 37 42
45 55 89 37 56 58 50 44 39 40
81 31 71 71 51 40 85 73 103 65
26 26 34 67 36 23 27 50 35 34
39 42 57 62 61 41 34 96 41 49
32 63 57 30 41 42 32 44 30 34
27 47 40 35 103 23 41 34 63 31
69 62 64 67 78 41 38 77 49 74
61 41 94 47 97 51 38 38 60 34
78 32 75 44 54 49 36 52 35 70
53 34 82 78 67 31 44 62 60 66
41 65 113 74 177 74 88 54 105 55
56 33 87 45 73 36 51 47 85 39
57 35 47 71 58 65 37 63 45 80
76 43 59 126 167 65 60 51 44 56
42 35 52 39 127 53 87 55 51 44
29 31 45 40 39 37 57 48 29 29
36 102 53 102 61 62 48 59 87 73
31 25 41 37 83 28 48 70 52 49
80 90 110 122 106 88 56 59 58 54
50 79 38 55 56 26 31 48 38 52
72 94 91 63 56 42 69 63 45 96
40 27 34 94 61 39 37 51 61 55
26 39 36 49 60 41 31 50 37 32
26 30 36 34 60 55 40 39 40 66
37 31 33 36 47 28 63 47 73 86
47 24 30 42 44 38 35 35 31 74
61 39 133 76 120 60 56 121 50 50
40 62 57 52 112 36 41 68 68 42
36 38 41 35 46 35 30 40 71 52
84 74 89 62 119 46 46 59 55 78
23 26 36 47 78 37 48 41 30 29
34 55 76 69 91 30 68 59 42 106
47 58 36 60 47 30 50 53 48 31
38 45 36 43 87 20 23 48 24 24
33 38 40 42 98 54 62 43 60 36
63 47 105 72 59 72 62 55 69 44
79 60 67 130 82 36 44 64 49 56
39 41 135 56 98 82 43 95 98 94
50 35 72 119 141 55 56 64 64 103
45 73 101 100 72 43 42 60 103 84
33 33 37 41 92 47 33 39 38 65
75 69 63 71 109 35 40 85 68 49
33 49 50 71 65 38 52 55 36 59
26 40 60 96 86 27 33 40 66 38
58 34 41 80 62 66 56 60 39 38
40 57 55 67 120 40 112 94 57 47
41 80 85 82 103 56 119 85 49 83
57 24 32 37 70 24 61 38 55 38
44 82 73 79 66 52 100 111 59 74
47 78 61 45 59 36 42 43 56 72
35 28 33 28 38 22 45 80 52 30
44 23 35 50 61 25 25 69 31 44
52 36 31 27 49 24 37 55 25 65
58 99 47 44 57 68 54 93 54 93
39 79 44 45 126 35 48 126 52 64
31 37 51 35 74 40 25 68 33 43
46 72 61 49 64 27 32 52 58 38
35 49 63 60 126 45 77 91 43 44
89 92 111 54 66 63 87 60 115 48
36 41 47 83 133 82 60 53 46 85
65 43 60 57 68 98 52 49 51 43
60 54 46 63 81 34 47 79 71 48
47 48 35 39 43 34 31 50 61 57
77 29 40 42 105 43 40 103 67 41
50 30 37 61 74 43 66 49 63 63
50 76 78 104 114 37 39 71 42 73
48 35 43 40 47 33 57 87 37 42
44 52 62 52 89 80 69 55 85 116
57 45 45 56 57 36 58 61 75 60
79 44 66 72 116 89 61 124 116 44
30 40 49 57 52 28 27 40 32 28
56 103 84 71 122 53 88 51 65 55
41 27 42 39 105 40 51 39 30 30
64 33 87 76 48 58 61 96 62 48
29 35 71 46 35 56 46 48 45 55
46 29 43 45 43 28 63 33 43 25
31 63 70 84 70 64 39 53 47 45
55 83 90 56 53 34 56 54 71 36
41 104 75 69 65 33 114 88 47 94
31 60 55 77 61 71 84 43 91 84
97 82 125 75 109 46 59 58 67 94
40 64 100 99 118 37 48 47 43 41
65 60 115 44 60 30 43 89 75 61
81 50 47 110 93 37 68 118 51 53
37 60 58 83 96 64 50 79 79 51
42 39 42 52 107 79 61 48 69 107
38 47 78 91 67 31 73 54 53 50
51 26 35 33 74 36 37 94 70 38
45 76 50 57 145 36 61 67 100 80
52 55 62 79 133 34 44 47 76 42
1 5
1 6
1 7
1 8
2 3
3 4
3 5
3 6
3 7
4 8
5 14
6 9
7 14
8 10
9 14
10 14
11 12
12 13
14 15
14 16
15 17
16 17
17 18
17 19
18 20
19 20
20 21
20 22
20 23
20 24
21 25
21 26
21 27
21 28
22 25
22 26
22 27
22 28
23 25
23 26
23 27
23 28
24 25
24 26
24 27
24 28
25 29
26 29
27 29
28 29
29 31
31 36
32 34
33 35
34 36
35 36
36 37
37 38
37 45
38 39
39 40
40 41
40 48
40 54
42 43
43 44
45 46
46 47
47 48
47 49
47 54
50 51
51 53
51 69
52 53
54 55
54 72
54 76
54 89
54 90
55 133
56 73
57 82
58 86
58 88
59 75
59 89
61 62
62 63
63 67
64 65
64 71
64 72
65 66
65 99
66 67
67 68
68 95
68 98
69 79
70 71
72 134
73 86
73 88
73 89
73 90
73 96
74 75
75 90
75 97
76 77
77 78
78 82
79 85
79 80
79 143
79 146
80 81
81 82
82 83
83 84
84 106
86 87
90 111
91 105
92 135
95 101
96 104
98 101
99 100
100 101
101 102
101 103
102 127
103 127
105 119
106 107
107 108
108 109
109 110
111 112
112 113
113 114
113 116
113 120
113 123
113 128
114 115
115 125
116 117
117 118
118 126
120 121
121 122
122 126
123 124
124 125
128 129
129 130
130 131
130 137
132 135
133 135
134 135
135 136
138 139
139 140
141 142
142 143
142 146
142 147
142 148
144 145
145 147
145 148
-1 -1
