148
52 59 46 31 45 45 26 74 40 51 44 37 60 72
82 40 48 78 68 56 69 93 40 42 55 29 74 54
38 32 36 19 50 28 39 39 25 41 35 32 28 72
61 110 78 94 40 95 67 81 74 79 115 41 87 61
75 55 29 38 47 38 39 44 49 59 95 27 32 56
73 64 60 47 37 65 55 70 43 64 66 42 72 110
69 31 32 36 56 52 30 58 34 102 48 47 45 53
68 44 30 38 30 80 62 52 41 43 130 41 80 59
55 49 37 31 64 100 81 50 37 95 118 39 45 71
170 66 84 76 45 89 80 59 40 70 136 40 63 75
142 37 34 34 56 54 95 67 44 110 49 42 91 119
60 46 65 29 55 47 52 57 70 41 66 38 57 49
146 72 55 73 34 70 34 84 32 67 130 48 51 110
56 48 38 31 53 70 63 64 30 72 48 54 36 97
75 96 38 88 47 63 75 115 97 86 86 41 72 73
143 42 75 34 53 83 53 65 85 67 74 48 60 59
97 33 35 68 28 47 44 85 29 55 51 33 42 79
40 50 28 22 24 38 58 38 51 42 39 31 27 39
62 25 21 21 48 47 41 43 39 36 42 20 37 45
64 44 39 28 47 38 29 41 72 60 49 39 62 65
60 57 36 56 40 45 66 62 47 64 64 53 54 120
58 69 65 24 29 37 27 84 56 37 66 62 62 41
99 53 41 67 34 111 44 88 43 110 47 75 45 101
57 60 75 29 28 89 62 54 34 38 90 68 33 55
124 35 36 50 47 70 35 55 66 55 92 38 33 49
62 30 42 21 50 45 22 47 48 33 44 28 44 77
118 34 70 39 31 56 55 78 48 52 59 31 62 52
81 46 62 27 55 38 39 124 41 91 91 61 67 96
44 40 27 40 33 51 41 40 25 39 52 25 27 100
69 34 32 26 29 45 32 42 54 51 51 26 47 50
125 60 61 36 86 94 39 88 82 57 127 92 45 62
77 65 58 73 49 72 44 90 93 131 63 38 49 175
45 38 32 47 40 46 28 48 54 44 82 56 36 96
82 46 85 54 39 73 41 68 43 70 74 47 93 76
52 36 76 59 37 51 41 53 41 72 84 70 52 113
82 36 44 31 48 47 77 70 55 71 69 43 72 43
111 79 29 34 31 48 29 44 35 79 90 23 40 59
37 34 47 26 26 32 25 78 42 49 45 41 49 43
151 53 44 66 92 64 48 55 59 97 56 35 70 134
51 40 39 58 46 61 36 95 73 71 45 69 49 69
70 33 28 31 41 67 32 64 34 42 67 34 38 47
75 100 37 36 65 47 45 129 80 49 124 53 54 61
42 50 20 24 35 49 47 52 46 72 34 53 69 34
60 84 27 29 33 70 43 66 34 40 58 40 80 118
47 37 42 34 47 95 29 40 31 38 49 25 71 53
70 36 29 61 41 69 52 47 36 38 102 27 44 44
93 61 20 46 52 40 29 39 30 38 39 35 29 56
62 30 40 24 58 34 51 81 57 64 54 31 39 48
113 75 38 39 32 39 46 60 37 55 57 47 45 119
103 93 75 56 47 57 69 86 53 105 54 35 52 122
107 39 85 31 64 70 35 97 69 87 63 37 100 60
64 69 31 32 41 81 71 113 46 92 94 25 59 79
50 57 34 55 37 66 60 48 35 73 124 29 47 46
44 27 56 24 29 35 24 40 35 31 42 20 25 40
48 45 45 26 35 39 30 48 43 42 47 36 63 69
53 57 45 19 34 35 29 52 23 37 58 44 26 46
75 49 55 31 73 56 50 71 34 76 66 51 56 62
94 83 28 26 38 83 80 60 68 47 47 58 35 44
50 30 34 25 22 27 60 67 48 51 39 29 33 48
120 49 99 68 68 76 73 54 58 105 59 47 42 120
99 58 89 49 86 140 50 58 38 98 64 66 100 114
43 65 25 28 29 40 65 46 37 51 62 40 75 69
108 61 41 36 45 58 36 55 26 34 69 28 64 41
39 55 29 33 35 39 25 78 50 54 56 36 66 37
50 38 44 45 33 53 38 58 59 45 51 51 60 72
67 38 33 33 32 44 52 58 53 77 53 27 67 59
80 49 45 46 44 78 35 77 46 51 86 41 104 147
99 68 53 68 27 36 33 64 56 60 97 30 33 55
134 46 47 29 51 56 73 76 35 66 91 36 66 143
131 49 49 27 28 42 46 48 33 104 67 36 55 105
115 47 45 27 63 45 62 70 33 45 60 54 47 59
91 59 41 58 70 54 44 144 79 51 96 56 126 84
68 59 42 41 44 97 55 62 50 53 59 33 49 80
61 53 57 59 71 51 46 110 30 42 96 23 32 63
73 28 23 20 23 77 69 68 50 46 55 22 37 45
73 31 77 47 33 43 56 51 40 67 83 53 46 72
75 53 49 67 41 56 54 70 52 94 102 36 68 106
56 55 55 72 41 80 42 122 44 61 135 31 110 76
103 25 52 29 46 60 67 51 28 45 49 20 62 51
105 71 53 34 43 69 65 59 54 44 76 34 53 58
99 52 34 50 46 52 42 89 33 83 79 46 86 77
46 33 75 44 43 53 74 53 62 47 67 28 68 108
79 75 96 64 101 78 45 80 52 71 134 72 65 115
138 54 84 31 44 59 55 73 99 61 58 78 57 63
149 55 57 34 56 62 53 62 39 48 62 39 55 61
71 89 77 46 97 83 79 72 44 135 57 62 64 147
79 82 36 34 49 37 55 46 42 41 46 25 30 56
82 34 29 27 38 54 53 40 66 50 45 31 56 42
86 41 50 84 97 69 94 142 35 107 69 84 91 90
90 76 34 22 26 42 29 49 29 39 102 38 27 37
134 44 39 77 47 123 74 87 94 66 97 74 72 51
60 39 29 26 30 40 35 93 43 51 76 31 32 103
43 55 43 26 27 66 67 33 24 41 35 34 40 88
69 32 51 29 28 66 51 39 57 54 44 31 39 50
95 92 68 30 44 50 73 65 76 56 56 58 88 59
70 64 39 45 60 100 52 64 54 54 51 43 60 52
63 42 31 37 50 48 45 68 30 57 103 43 34 52
53 47 21 45 49 31 51 48 32 53 92 19 53 69
85 37 45 32 55 38 32 82 64 102 52 53 67 64
73 47 90 45 49 101 50 125 39 84 75 55 71 97
52 75 58 68 50 40 47 64 32 100 70 53 34 100
111 54 72 26 61 38 86 120 40 66 48 26 36 47
138 79 61 33 58 102 66 87 53 70 110 70 71 147
175 50 87 75 75 53 68 159 38 91 71 41 70 71
39 30 23 49 24 55 23 95 28 55 47 19 35 65
59 37 34 28 33 81 28 60 30 93 41 26 38 50
83 26 31 40 47 32 42 71 25 45 43 22 51 91
90 77 61 36 67 70 53 61 53 96 88 49 46 66
37 43 28 41 48 36 47 34 61 46 31 37 56 70
61 47 24 44 31 68 27 48 59 60 39 30 42 46
131 50 70 62 37 43 41 61 36 129 56 77 43 122
50 40 69 41 38 66 34 53 29 62 106 58 82 91
96 81 77 52 41 80 32 47 41 64 96 37 44 122
45 35 35 34 41 37 28 61 48 42 42 24 71 76
62 78 70 32 49 68 37 126 49 49 110 32 88 63
37 49 43 40 54 57 26 32 48 41 45 31 41 68
68 51 31 26 32 48 33 66 44 54 59 35 68 121
126 61 91 34 81 123 38 115 43 50 136 60 84 124
82 56 40 69 95 50 41 76 61 60 70 35 68 94
51 44 37 64 58 55 77 53 37 40 86 34 74 78
96 36 75 63 44 84 39 76 29 46 49 29 74 72
57 55 47 28 49 90 45 46 33 76 43 32 32 52
40 49 30 32 28 39 54 37 25 50 37 25 36 103
110 82 93 63 65 80 85 57 98 111 61 84 51 65
76 58 61 36 46 56 63 84 38 62 70 74 98 68
103 33 47 31 42 48 34 103 34 89 45 48 52 44
136 36 73 44 55 45 49 51 43 45 127 61 54 71
45 33 61 44 41 42 48 73 42 36 48 34 63 96
72 42 53 76 99 51 60 85 73 88 59 34 125 108
139 50 41 41 50 61 64 89 82 72 60 57 81 115
90 41 36 20 41 38 23 34 23 45 61 27 26 54
57 36 30 19 40 43 21 76 35 30 60 35 28 40
46 33 38 33 33 62 31 40 39 103 52 48 52 91
57 30 29 32 60 37 40 72 24 63 56 23 81 52
45 46 26 30 29 35 28 65 26 61 68 31 71 88
70 56 42 43 41 61 42 78 64 63 56 62 71 73
55 37 28 40 28 99 29 64 46 88 50 66 70 48
77 42 36 50 36 99 96 88 88 120 67 50 70 59
104 35 66 54 29 87 51 49 27 42 40 43 28 93
92 75 63 85 40 105 56 89 108 51 103 76 67 105
52 29 23 32 53 52 58 39 28 64 89 59 27 53
111 102 66 32 103 52 106 81 50 83 69 32 83 115
54 47 31 73 39 37 32 82 47 109 75 25 37 128
120 79 40 85 87 60 61 59 67 65 74 67 71 94
50 59 62 51 30 93 48 87 33 87 58 33 35 55
97 36 53 37 38 55 58 51 62 38 105 42 78 62
103 32 26 22 26 40 33 47 48 44 64 36 40 82
54 30 51 64 41 91 33 44 47 54 84 27 44 81
1 5
1 6
1 7
1 8
2 3
3 4
3 5
3 6
3 7
4 8
5 14
6 9
7 14
8 10
9 14
10 14
11 12
12 13
14 15
14 16
15 17
16 17
17 18
17 19
18 20
19 20
20 21
20 22
20 23
20 24
21 25
21 26
21 27
21 28
22 25
22 26
22 27
22 28
23 25
23 26
23 27
23 28
24 25
24 26
24 27
24 28
25 29
26 29
27 29
28 29
29 31
31 36
32 34
33 35
34 36
35 36
36 37
37 38
37 45
38 39
39 40
40 41
40 48
40 54
42 43
43 44
45 46
46 47
47 48
47 49
47 54
50 51
51 53
51 69
52 53
54 55
54 72
54 76
54 89
54 90
55 133
56 73
57 82
58 86
58 88
59 75
59 89
61 62
62 63
63 67
64 65
64 71
64 72
65 66
65 99
66 67
67 68
68 95
68 98
69 79
70 71
72 134
73 86
73 88
73 89
73 90
73 96
74 75
75 90
75 97
76 77
77 78
78 82
79 85
79 80
79 143
79 146
80 81
81 82
82 83
83 84
84 106
86 87
90 111
91 105
92 135
95 101
96 104
98 101
99 100
100 101
101 102
101 103
102 127
103 127
105 119
106 107
107 108
108 109
109 110
111 112
112 113
113 114
113 116
113 120
113 123
113 128
114 115
115 125
116 117
117 118
118 126
120 121
121 122
122 126
123 124
124 125
128 129
129 130
130 131
130 137
132 135
133 135
134 135
135 136
138 139
139 140
141 142
142 143
142 146
142 147
142 148
144 145
145 147
145 148
-1 -1
