148
64 60 52 54 61 91 54 93 76 84 140 45 80 55 127 40 158 175 49 61 60
41 42 33 28 92 89 34 77 113 97 55 37 48 35 51 48 59 90 28 59 63
40 67 75 42 62 127 89 52 113 92 53 39 63 41 135 42 65 178 39 55 57
34 50 32 36 36 83 33 30 48 78 61 57 64 51 32 20 58 61 27 34 39
40 43 24 22 29 65 28 37 54 37 35 46 68 39 31 21 43 36 25 29 67
21 52 49 34 56 42 28 50 82 74 31 21 43 29 71 24 57 56 25 43 42
37 53 40 34 34 62 28 59 81 58 63 38 86 47 67 24 46 49 37 77 62
24 27 35 21 42 66 21 29 39 74 51 30 46 54 32 25 38 35 20 31 42
53 73 30 32 35 73 34 29 48 67 92 36 46 65 42 32 107 122 60 60 52
52 66 42 59 70 44 42 74 101 56 109 30 106 65 114 66 58 53 44 73 112
65 82 35 33 54 93 75 76 129 71 96 36 62 82 49 31 75 67 39 48 89
27 46 69 57 77 65 28 77 66 82 38 32 69 72 103 47 83 49 57 42 66
59 86 49 70 43 60 47 62 87 59 44 32 86 45 88 35 77 51 65 42 52
43 74 49 43 55 62 37 46 71 128 81 43 179 51 108 35 86 140 94 51 110
29 77 78 26 53 53 43 35 44 91 49 44 104 32 96 63 65 49 49 34 63
33 50 56 57 53 58 60 58 80 114 44 50 121 64 118 56 133 144 52 98 47
49 94 68 76 52 81 70 56 109 122 101 48 61 90 56 46 85 68 45 77 71
48 40 36 70 67 69 41 29 51 81 90 31 70 27 62 31 46 107 24 55 50
29 34 32 30 84 34 61 50 61 63 76 38 109 43 51 22 42 43 62 48 33
37 43 76 58 78 84 34 38 90 50 65 38 69 39 85 39 151 83 28 65 67
66 48 48 44 75 65 36 50 147 72 108 70 101 73 64 63 87 106 42 95 69
36 69 33 31 43 94 51 32 62 82 43 31 55 33 52 65 64 137 27 40 43
56 44 85 67 116 43 29 49 87 55 57 38 123 40 47 28 105 58 41 53 80
46 54 43 42 81 58 77 68 64 83 94 66 131 49 80 61 153 116 35 76 49
32 45 91 70 43 45 31 55 113 97 44 72 72 81 59 54 100 82 48 47 58
49 69 54 41 92 59 85 71 88 149 48 34 57 39 48 47 64 84 54 44 91
32 81 26 45 33 39 53 26 49 71 33 26 101 31 34 36 44 64 45 35 61
44 99 59 72 51 57 49 71 78 114 46 47 86 36 57 31 135 67 44 73 63
32 44 40 62 45 41 36 71 43 51 56 33 44 44 79 63 116 118 36 52 36
48 68 44 34 74 44 77 58 78 103 41 64 55 37 51 52 139 63 54 94 60
44 32 26 30 76 28 33 22 64 36 37 41 61 50 81 44 66 85 34 27 55
35 53 50 53 106 145 74 41 87 73 59 33 63 73 64 47 90 134 40 99 61
50 105 60 99 51 103 58 39 98 89 58 35 94 40 65 42 62 82 42 47 52
45 53 62 88 62 75 33 42 112 109 110 81 57 66 60 47 146 79 46 39 57
21 38 30 42 34 36 46 48 42 71 31 19 44 28 45 50 42 57 22 41 81
35 67 72 42 60 117 55 69 90 79 109 27 102 58 118 66 56 79 44 54 60
30 49 35 46 46 61 74 82 56 82 50 29 69 59 88 35 54 74 33 50 41
46 77 69 55 97 129 40 53 65 170 90 41 118 48 70 52 68 64 92 122 58
28 47 36 62 47 61 25 82 58 107 38 46 131 38 65 28 48 121 40 90 71
63 40 33 64 45 67 38 48 53 40 32 30 68 36 36 35 73 56 23 52 71
66 43 29 45 69 107 52 35 79 70 100 61 52 34 59 31 82 50 41 37 71
24 48 54 25 71 64 38 27 59 91 37 31 52 49 39 28 111 105 39 31 56
43 71 38 31 54 77 48 56 79 84 53 45 61 37 69 54 98 60 35 52 51
57 44 38 35 125 107 35 70 124 103 73 61 150 35 59 44 137 91 34 57 81
75 46 86 54 59 60 34 68 101 66 67 32 110 37 86 33 97 67 34 43 48
28 32 29 38 40 39 27 26 89 72 30 24 46 28 35 50 57 52 24 28 53
65 70 28 33 90 80 37 43 51 40 32 31 65 63 52 27 44 58 34 81 67
38 61 57 66 76 48 72 67 102 62 81 38 97 69 119 78 133 168 51 47 92
61 114 89 54 69 50 34 51 98 109 63 35 145 42 52 69 87 78 68 50 55
38 67 50 22 59 48 31 32 47 36 53 20 40 31 59 27 48 47 24 50 34
43 79 39 76 64 55 31 55 65 60 61 33 58 75 44 50 71 130 58 65 63
81 68 60 54 90 53 68 45 77 64 135 41 67 95 108 70 64 180 68 75 56
30 42 42 65 43 37 49 55 59 52 79 33 42 40 35 24 45 62 45 40 35
22 32 38 19 30 31 21 24 50 70 45 29 35 34 37 44 81 66 25 24 44
82 64 46 47 88 85 69 68 66 91 52 42 60 85 97 48 77 93 76 43 71
32 33 22 28 32 70 27 23 36 59 74 37 76 46 83 43 49 63 22 43 41
36 46 63 44 50 126 52 44 85 73 64 32 60 38 103 53 81 131 40 59 74
24 32 28 22 43 58 26 41 96 47 31 27 55 23 86 36 56 53 41 34 39
58 51 57 36 95 66 66 55 118 57 76 52 73 78 47 62 64 162 31 45 55
20 32 33 39 57 39 43 26 40 40 34 24 43 24 54 43 66 45 28 30 51
72 68 96 83 64 60 69 52 82 76 75 81 67 59 64 78 116 114 52 115 74
35 40 30 32 56 47 27 54 72 105 50 50 63 28 48 25 112 119 38 67 49
34 47 49 35 68 75 80 36 79 107 44 55 88 34 122 37 80 84 34 67 70
37 38 45 31 51 43 27 51 118 70 44 35 66 34 50 42 82 68 42 70 103
79 97 88 43 67 113 67 62 57 133 47 36 71 41 106 86 61 62 72 93 61
45 39 26 57 56 73 36 33 89 62 36 46 67 59 63 28 49 54 52 43 96
64 44 52 68 51 42 64 40 50 57 52 32 99 39 68 58 94 66 44 74 49
47 42 74 37 77 80 57 56 127 157 50 69 156 36 65 54 59 154 68 53 57
56 34 56 31 99 66 66 63 109 84 35 36 77 44 54 29 97 50 43 31 40
37 40 41 60 37 58 27 67 58 45 62 41 43 35 40 31 46 75 29 29 38
41 44 35 48 76 65 42 43 130 106 63 36 93 35 111 47 65 152 39 54 126
36 48 54 62 58 48 38 39 74 110 54 45 95 68 47 53 109 110 57 56 54
85 71 46 51 89 59 86 87 56 84 56 37 88 77 78 41 70 136 65 51 50
92 113 96 40 108 55 38 41 109 109 100 39 108 53 84 36 111 155 45 93 135
40 52 79 45 43 59 37 33 68 54 76 52 70 33 103 31 65 86 30 42 64
29 46 49 46 50 40 44 36 114 61 54 25 46 32 77 58 49 124 43 64 43
38 53 57 58 81 42 35 49 58 68 53 28 80 36 88 32 95 69 48 84 48
70 52 42 40 92 47 42 54 54 63 48 32 51 56 42 45 126 51 30 79 89
40 43 34 48 48 75 47 56 55 90 51 73 83 45 56 43 138 61 38 59 59
25 37 27 55 46 46 40 72 55 93 32 34 104 51 33 29 75 86 31 41 91
54 41 54 75 43 52 57 48 87 146 64 40 54 39 53 63 71 53 39 80 64
49 60 76 63 64 120 78 55 132 103 74 35 80 66 98 47 126 124 38 93 100
66 83 43 44 58 73 52 87 79 88 65 87 88 40 110 65 102 83 34 53 53
62 85 46 33 119 60 32 59 88 93 47 30 80 95 74 49 58 64 64 57 50
27 43 27 32 33 87 21 56 46 39 43 20 51 32 47 35 52 52 25 28 49
44 112 96 68 77 114 69 75 57 74 72 64 132 73 103 33 98 62 32 77 85
36 29 52 22 80 42 24 37 66 41 58 23 98 26 75 26 38 50 50 40 36
87 65 56 36 66 49 45 78 65 105 125 31 116 74 86 35 99 163 34 61 102
38 58 54 26 30 71 24 39 34 42 27 18 42 42 37 35 51 35 19 24 32
65 64 60 36 116 110 34 36 92 96 53 76 110 90 51 44 109 110 34 43 53
48 72 79 61 78 55 76 47 99 68 74 53 78 59 53 37 76 112 39 49 102
46 47 54 39 115 77 47 52 99 138 77 64 84 55 143 50 117 151 66 91 85
35 102 41 56 64 49 36 45 99 120 74 36 93 56 56 40 52 64 36 47 47
34 43 71 48 59 58 59 37 71 97 51 35 102 78 38 66 83 130 36 36 56
31 39 80 67 45 106 33 45 103 53 47 26 113 40 87 55 72 83 32 50 67
21 43 31 48 42 46 24 35 47 44 52 52 38 30 61 28 43 60 31 37 66
37 70 39 35 84 134 40 102 83 89 80 79 68 56 75 71 63 153 48 79 82
61 66 39 38 36 66 21 30 74 99 37 24 53 31 84 28 42 39 49 33 50
44 86 59 56 70 114 71 45 95 65 68 41 75 82 61 69 75 80 35 39 79
39 111 85 69 77 84 37 61 67 121 100 80 58 37 50 37 67 110 37 79 83
28 40 40 46 44 59 76 37 60 140 109 28 77 41 43 30 59 106 65 76 55
31 40 35 41 43 51 39 40 103 56 50 41 107 45 53 31 51 79 33 43 56
52 84 88 37 124 91 45 45 132 72 66 82 67 93 114 47 57 57 62 75 51
28 61 28 30 48 40 31 31 64 95 50 52 51 46 39 37 103 43 25 42 51
70 50 36 33 46 65 34 59 53 69 85 33 91 57 76 38 102 87 46 44 56
58 59 54 58 69 50 70 93 73 92 104 68 72 43 89 56 63 141 37 45 61
30 46 45 28 87 40 31 37 40 68 34 34 52 33 73 59 47 63 28 51 32
43 43 33 45 71 34 22 50 56 59 33 30 39 40 36 49 52 41 23 44 35
28 35 35 29 35 85 29 41 39 83 52 40 56 63 83 57 96 53 22 34 44
50 46 65 48 46 42 66 86 109 64 80 27 47 70 55 66 67 133 33 38 43
30 36 28 28 39 53 25 30 61 46 45 30 68 72 43 54 49 89 44 49 65
37 57 53 40 113 63 73 81 112 68 144 71 61 39 78 36 70 137 72 125 73
41 29 51 31 33 43 32 57 71 56 30 22 53 30 47 26 67 40 31 31 50
42 46 70 86 71 108 72 37 68 75 100 45 87 56 62 60 77 167 39 47 143
33 41 42 28 57 42 39 27 96 63 79 23 78 33 74 38 65 68 34 47 54
56 49 62 54 83 64 41 78 95 96 53 54 108 76 54 39 159 94 44 72 50
36 77 53 59 53 57 41 48 118 56 50 30 121 38 112 52 65 73 52 72 52
45 46 33 50 50 59 46 43 57 52 40 57 104 46 122 53 71 72 27 62 66
33 56 36 28 89 34 32 70 40 46 32 28 63 26 40 32 112 69 48 39 51
26 46 33 22 73 30 27 27 67 44 81 42 40 25 54 55 42 74 27 34 49
22 27 28 29 48 32 24 47 70 82 43 20 41 50 34 22 69 36 19 29 72
38 42 26 27 58 100 27 28 40 50 48 25 48 56 57 49 49 94 35 39 82
39 53 87 67 86 103 96 42 73 116 93 94 91 92 112 88 115 151 76 72 48
28 46 34 68 52 53 33 57 64 86 43 32 82 43 71 62 49 65 33 44 103
52 45 47 90 75 46 51 57 115 60 49 30 60 70 55 44 66 165 33 72 133
40 65 60 84 49 87 54 50 93 70 54 38 152 48 104 83 111 128 38 103 116
23 38 32 29 45 39 36 43 59 85 54 23 40 52 37 26 86 41 21 58 32
21 50 25 35 45 53 32 30 36 77 43 21 40 37 52 27 58 98 22 57 58
22 31 65 30 48 34 42 37 64 79 65 53 38 33 42 28 55 61 46 26 33
85 105 72 81 63 61 38 51 119 90 114 75 71 37 83 70 88 71 48 62 77
39 80 95 82 96 66 38 43 105 84 52 37 93 39 51 42 109 92 37 114 80
39 109 49 86 55 57 35 113 75 97 62 35 66 60 114 36 127 190 60 126 54
41 49 60 35 63 61 89 57 61 80 64 52 100 41 81 34 144 60 43 89 116
61 45 39 71 95 48 29 66 70 82 50 40 52 37 64 54 53 52 52 97 45
73 43 41 56 55 94 74 68 61 69 82 42 57 71 50 31 122 105 78 38 51
49 51 67 36 68 118 63 44 126 89 92 44 89 70 140 54 135 82 36 110 98
57 61 113 71 145 89 53 118 112 149 53 36 100 80 58 41 132 176 53 61 53
35 70 35 24 70 93 35 53 40 44 32 38 62 44 78 23 43 84 58 40 43
31 76 71 36 83 73 30 68 86 75 39 45 73 64 65 38 83 50 26 92 50
84 99 49 31 116 47 38 48 145 123 58 49 100 48 59 42 77 109 43 59 60
57 48 41 27 71 114 40 33 68 64 43 33 76 40 48 63 59 68 54 72 55
28 57 42 54 36 42 48 30 102 43 37 28 45 53 68 45 71 51 24 49 46
36 119 92 65 106 127 35 98 120 132 52 87 108 107 59 97 99 75 38 51 73
45 77 88 49 60 69 44 48 63 93 52 51 71 54 102 40 77 90 48 70 78
37 78 42 65 72 36 33 27 115 73 42 33 49 41 53 65 48 71 35 50 42
34 134 71 46 129 67 43 52 61 180 48 81 66 45 71 50 86 80 50 55 67
45 78 44 73 52 57 35 63 65 86 121 87 176 109 102 76 92 172 76 48 67
68 50 43 34 108 64 54 45 112 120 87 46 81 77 55 35 65 121 61 58 62
1 5
1 6
1 7
1 8
2 3
3 4
3 5
3 6
3 7
4 8
5 14
6 9
7 14
8 10
9 14
10 14
11 12
12 13
14 15
14 16
15 17
16 17
17 18
17 19
18 20
19 20
20 21
20 22
20 23
20 24
21 25
21 26
21 27
21 28
22 25
22 26
22 27
22 28
23 25
23 26
23 27
23 28
24 25
24 26
24 27
24 28
25 29
26 29
27 29
28 29
29 31
31 36
32 34
33 35
34 36
35 36
36 37
37 38
37 45
38 39
39 40
40 41
40 48
40 54
42 43
43 44
45 46
46 47
47 48
47 49
47 54
50 51
51 53
51 69
52 53
54 55
54 72
54 76
54 89
54 90
55 133
56 73
57 82
58 86
58 88
59 75
59 89
61 62
62 63
63 67
64 65
64 71
64 72
65 66
65 99
66 67
67 68
68 95
68 98
69 79
70 71
72 134
73 86
73 88
73 89
73 90
73 96
74 75
75 90
75 97
76 77
77 78
78 82
79 85
79 80
79 143
79 146
80 81
81 82
82 83
83 84
84 106
86 87
90 111
91 105
92 135
95 101
96 104
98 101
99 100
100 101
101 102
101 103
102 127
103 127
105 119
106 107
107 108
108 109
109 110
111 112
112 113
113 114
113 116
113 120
113 123
113 128
114 115
115 125
116 117
117 118
118 126
120 121
121 122
122 126
123 124
124 125
128 129
129 130
130 131
130 137
132 135
133 135
134 135
135 136
138 139
139 140
141 142
142 143
142 146
142 147
142 148
144 145
145 147
145 148
-1 -1
