297
38 118 129 83 63 45 61 100 68 105 40 29 95 54 86 78 61 36 82 28 59 39 86 59 61 53 66 79 74 72 109 45 52 43 75 75 51 68
62 54 60 60 83 56 106 70 66 94 55 31 79 62 41 92 51 31 36 66 54 43 101 59 37 41 133 87 63 39 85 50 118 50 114 61 91 90
51 60 106 110 76 56 63 71 75 69 96 63 61 51 48 66 88 71 94 81 80 47 117 123 73 57 67 40 64 42 76 92 70 105 80 184 59 78
28 46 48 49 68 63 65 99 40 87 43 25 98 29 26 43 93 24 42 33 34 42 100 57 42 28 101 53 75 58 50 32 104 71 51 81 77 56
36 78 83 64 113 58 116 72 80 92 45 50 54 60 44 60 138 84 60 50 65 35 56 97 76 70 118 75 72 51 82 61 81 60 79 102 54 104
38 77 101 129 89 70 49 98 58 95 62 40 102 82 57 45 84 94 99 39 103 35 80 98 78 63 94 97 48 38 58 52 52 48 142 138 113 162
30 79 46 59 71 56 34 86 51 33 36 42 41 44 38 50 41 26 71 56 57 66 43 71 67 49 79 35 71 36 93 87 47 66 55 127 45 77
31 91 109 59 77 105 44 63 49 86 64 27 90 31 72 46 77 55 54 61 39 67 55 92 36 37 60 39 97 28 48 36 99 48 73 134 50 70
26 49 44 51 73 42 47 56 69 34 37 21 32 23 48 26 43 21 38 36 61 26 35 79 21 24 86 26 69 22 38 55 32 42 33 35 35 71
25 46 79 65 49 77 54 37 33 33 37 28 35 54 26 24 68 39 51 24 54 22 69 51 58 24 72 31 54 32 32 68 38 30 41 90 50 100
28 54 34 88 57 76 26 44 58 57 50 24 59 23 22 31 42 28 24 22 56 21 34 44 65 21 38 39 36 44 43 28 48 26 47 47 27 51
37 55 117 118 94 50 93 67 78 118 42 44 48 38 38 43 75 59 86 36 59 66 53 50 41 43 145 36 59 39 76 118 50 104 72 152 69 64
25 39 43 69 43 45 68 49 70 31 28 22 49 42 23 62 42 64 26 21 44 25 90 59 29 23 39 50 49 49 37 37 66 79 37 46 44 82
45 53 85 68 100 73 57 103 77 119 46 37 134 98 42 54 66 53 57 85 82 44 64 104 43 69 95 81 53 59 60 58 57 73 60 78 80 62
55 53 76 103 89 117 48 77 98 91 64 48 72 67 48 89 78 52 64 45 83 64 71 110 63 57 141 45 67 34 99 79 134 47 151 85 98 94
39 43 40 47 75 28 42 38 30 26 43 32 27 43 44 37 49 30 54 20 62 40 79 80 25 21 33 26 39 34 36 27 38 38 39 79 27 78
33 129 72 72 132 62 45 79 54 63 112 31 43 60 43 91 119 40 80 30 55 37 91 74 42 78 64 88 57 50 118 83 65 48 96 92 44 55
45 90 71 55 46 42 72 45 68 44 66 57 45 27 59 44 37 63 56 66 42 54 35 52 38 43 66 46 65 28 44 64 76 65 47 79 46 69
34 51 52 43 48 39 38 70 40 33 66 27 77 22 43 40 54 22 45 28 67 22 47 32 37 51 50 26 47 23 30 53 61 29 35 100 33 76
44 50 70 82 58 81 38 69 121 106 53 82 44 49 45 103 88 67 42 46 49 67 103 96 58 35 141 60 99 31 73 66 51 61 71 85 99 56
36 82 66 62 168 45 43 70 91 61 68 44 56 39 53 107 106 57 43 39 47 39 64 89 57 37 143 46 57 59 125 63 67 52 68 99 82 134
55 91 67 64 75 55 37 52 65 107 51 36 80 33 33 67 47 66 34 39 101 67 75 92 36 70 133 44 76 32 49 104 62 98 60 92 39 56
22 38 42 78 46 29 39 35 49 31 38 23 45 25 33 31 32 25 43 58 58 24 83 38 23 21 77 30 79 23 31 27 49 32 36 48 39 51
56 63 111 80 63 60 86 57 51 57 89 37 50 32 26 38 46 44 33 30 39 52 92 40 37 37 50 45 60 31 76 44 43 33 50 62 34 59
45 93 41 112 45 41 40 43 75 40 49 24 35 44 43 33 36 42 64 32 61 66 52 40 74 27 118 31 47 70 46 64 57 32 52 130 33 52
50 46 93 48 77 31 55 47 39 29 52 41 48 56 25 26 45 49 47 46 82 25 56 82 52 32 92 53 86 26 45 42 57 31 70 67 28 81
36 139 125 132 101 81 64 148 90 51 90 54 117 40 58 74 81 87 39 59 71 43 129 82 47 30 134 39 47 48 115 94 54 41 75 99 50 74
33 42 47 77 48 46 41 65 48 60 39 29 73 55 66 44 54 40 56 33 38 47 94 44 46 30 120 45 54 46 54 70 40 34 124 77 34 76
40 43 47 57 48 53 76 46 62 36 48 58 36 48 62 81 42 30 47 54 65 28 45 50 34 34 50 46 48 42 105 58 56 35 48 82 70 73
53 103 109 120 60 40 58 39 63 37 33 24 53 46 27 32 51 41 47 34 52 42 46 74 45 60 87 30 87 32 64 54 56 37 97 110 57 42
32 141 126 78 85 60 55 138 56 45 50 54 109 43 60 96 96 57 93 42 51 61 135 72 56 44 165 89 73 43 101 63 75 73 82 148 47 60
52 64 82 54 73 69 55 89 56 56 87 43 44 59 34 37 61 43 35 52 83 37 67 49 39 75 133 36 79 37 47 64 72 56 52 139 40 84
31 127 73 62 135 64 111 99 82 46 50 47 87 49 53 76 58 42 82 34 69 85 53 50 48 72 55 48 130 49 49 53 126 70 60 58 78 69
48 83 50 135 94 59 75 148 101 79 58 58 59 42 41 46 116 77 61 37 56 34 46 111 89 35 83 36 68 32 47 45 55 76 56 104 63 74
65 67 97 120 58 49 79 66 47 49 47 65 100 42 48 35 54 31 36 73 62 48 86 76 41 32 120 35 59 62 77 47 101 55 96 58 40 85
32 78 53 70 123 56 86 78 55 57 39 39 41 36 77 37 50 41 47 28 61 37 67 55 35 33 125 66 72 74 57 52 78 37 51 143 86 65
29 32 65 78 64 38 52 44 43 28 36 19 37 20 34 22 29 20 39 25 34 20 36 63 42 20 49 22 43 49 45 37 52 32 32 52 24 35
49 41 54 67 46 52 73 62 45 76 71 34 87 28 56 42 81 49 35 43 40 49 52 39 80 28 48 44 51 25 37 33 61 80 48 53 53 58
28 106 58 98 149 96 61 63 45 42 56 60 65 85 31 50 44 39 32 30 76 45 119 103 65 31 55 32 115 30 105 57 120 61 83 97 44 75
47 74 46 75 124 59 64 88 87 62 72 29 47 28 31 45 55 42 56 70 44 58 51 47 79 56 70 71 40 46 44 78 43 38 56 51 46 112
27 92 35 71 47 63 42 40 36 34 30 36 44 37 25 63 42 45 41 26 33 26 65 100 28 34 93 34 33 33 33 51 44 28 64 93 34 84
24 85 49 72 88 66 71 66 44 38 50 55 33 44 24 29 50 26 51 27 45 41 38 75 26 30 61 68 49 61 35 30 56 31 91 69 32 95
26 97 36 56 43 74 44 48 46 60 39 29 44 35 55 38 67 60 30 47 68 53 61 42 25 26 95 66 35 47 39 41 74 35 50 77 40 59
51 57 112 130 111 77 75 99 118 64 129 38 70 82 65 62 67 60 77 70 61 64 124 116 92 46 68 95 64 37 80 106 60 52 105 104 46 98
43 82 48 94 38 60 27 61 32 26 52 25 60 32 28 47 61 21 25 29 30 40 44 62 57 29 42 43 34 24 50 52 39 48 33 68 27 60
22 33 56 37 44 42 44 43 42 44 47 25 39 44 48 34 72 23 37 32 44 21 45 69 65 36 81 28 56 29 61 31 44 52 40 47 32 56
23 42 46 104 102 48 56 33 45 40 55 20 74 28 32 25 31 27 45 26 42 30 56 69 27 30 50 63 36 28 41 36 39 54 47 79 36 58
44 38 53 68 64 40 66 79 38 42 36 23 33 52 40 34 63 33 58 35 34 23 64 36 33 39 55 29 40 39 55 32 32 38 88 90 48 82
21 38 59 51 55 74 49 81 74 31 34 29 41 49 37 64 35 39 25 36 30 24 61 34 30 40 100 54 46 25 32 55 35 29 85 49 33 44
42 126 65 79 62 56 67 82 71 69 56 59 52 74 72 52 63 96 90 39 73 46 76 155 69 37 101 85 53 55 65 129 58 52 73 172 88 66
31 37 38 42 60 30 50 45 47 54 35 29 79 40 27 28 43 33 30 27 40 40 52 78 24 21 34 28 37 34 44 55 55 67 67 69 25 82
34 61 99 110 79 62 43 56 94 90 46 56 120 33 88 92 47 51 58 36 85 65 76 51 39 39 86 53 53 87 92 60 64 79 89 67 50 80
28 51 59 57 66 110 72 97 110 66 76 36 61 35 47 44 54 53 84 52 97 78 85 49 64 37 130 54 121 29 50 73 42 80 101 95 44 77
46 128 108 138 90 86 64 60 67 96 132 35 134 38 73 72 88 81 50 47 57 45 86 93 111 57 119 71 51 71 67 60 147 82 69 105 110 96
43 34 77 41 60 40 48 50 42 27 49 46 34 41 41 44 63 52 28 56 48 24 52 62 26 43 62 23 51 36 75 32 41 47 72 77 40 50
38 44 50 96 90 43 72 111 45 45 66 47 64 45 29 31 36 27 49 32 52 67 83 42 43 24 46 43 73 37 36 32 42 42 52 83 47 92
51 30 43 47 41 36 45 34 64 53 25 23 61 37 23 39 28 26 47 22 35 20 68 30 24 25 35 29 34 36 38 54 56 38 41 44 23 39
32 83 33 60 39 73 27 55 56 66 29 29 29 25 28 38 55 53 29 41 38 30 43 33 60 30 36 31 68 26 34 53 46 26 42 79 35 59
27 41 51 72 54 60 42 68 43 79 35 36 57 28 44 80 48 78 35 30 39 52 42 44 88 37 63 48 103 49 59 78 55 36 67 96 34 83
34 54 46 65 145 65 89 50 115 43 53 79 54 44 43 40 51 57 34 39 51 32 55 56 72 36 60 40 67 30 89 66 54 48 113 65 41 79
51 108 54 105 108 68 44 53 63 42 81 28 39 41 60 39 38 59 35 25 106 26 74 61 36 32 50 32 63 47 62 71 40 37 58 54 56 50
34 110 129 67 61 77 45 54 87 68 53 33 55 46 85 92 119 86 58 57 69 40 49 123 49 74 56 63 45 31 49 44 54 65 112 62 79 63
32 40 35 109 60 32 28 55 82 68 27 48 41 24 27 30 32 24 30 22 69 52 83 67 24 51 42 34 67 30 37 28 60 71 64 52 28 80
31 35 79 96 70 76 61 57 40 29 62 27 35 36 30 32 46 22 25 46 44 30 32 32 37 23 43 34 38 40 33 49 62 30 37 43 43 44
53 59 96 61 76 41 63 57 111 73 71 57 65 45 41 96 56 85 48 36 56 90 55 65 39 46 125 65 117 33 47 40 100 38 105 84 73 76
26 62 46 46 102 42 43 56 82 61 52 24 84 30 66 35 42 51 38 64 47 41 38 46 41 55 42 63 62 54 40 43 77 37 67 121 37 95
30 50 73 62 46 30 22 59 50 59 28 50 28 26 31 54 43 22 59 32 32 24 57 32 24 26 33 34 67 27 43 60 49 25 45 38 23 41
31 125 127 143 89 106 58 70 54 92 59 79 67 57 39 51 88 37 71 30 103 48 53 114 41 46 99 40 52 73 103 116 56 57 129 63 112 73
84 56 76 80 61 57 37 62 128 68 43 36 72 66 36 93 68 33 37 48 115 34 75 74 100 54 58 68 63 35 68 85 76 44 106 56 48 148
33 58 112 91 86 108 41 67 73 61 83 33 88 32 72 47 47 39 90 32 48 41 47 51 60 45 95 53 61 60 76 91 75 91 53 106 39 102
47 37 83 85 112 31 38 104 39 74 30 49 62 42 24 55 41 47 28 41 43 29 68 100 33 42 80 32 34 38 45 38 44 74 49 115 28 66
80 62 114 79 82 81 93 115 68 99 45 54 52 37 90 57 80 30 74 38 42 41 104 66 75 37 91 45 74 32 97 57 74 51 55 61 57 62
29 63 43 42 54 29 36 84 51 37 47 24 45 37 32 64 82 36 32 35 30 41 51 38 32 28 53 30 42 26 70 43 62 51 58 52 48 67
33 36 42 58 64 31 31 58 38 37 35 23 41 43 40 58 52 41 37 63 36 25 39 42 31 29 85 54 41 28 35 31 67 29 43 76 34 117
69 57 98 135 55 39 34 72 56 49 41 28 115 53 66 35 68 43 38 51 41 33 71 112 62 37 97 32 59 62 95 56 116 60 67 117 66 85
33 119 116 99 89 77 90 52 68 78 77 88 58 74 49 69 45 75 49 54 68 80 58 78 50 38 124 89 72 35 55 83 48 85 81 91 40 88
65 50 51 52 96 52 64 52 55 50 66 31 58 33 34 37 75 35 39 62 44 64 60 51 57 27 79 30 51 55 45 48 111 79 69 114 48 56
57 117 97 58 73 109 50 79 106 82 97 67 95 95 38 56 103 32 53 62 84 66 60 83 52 32 128 93 100 40 79 58 49 85 123 81 61 58
55 44 40 66 82 40 42 49 82 93 52 32 48 28 28 63 101 72 29 55 47 40 48 39 35 37 104 43 61 26 96 46 63 30 58 80 39 49
51 72 75 80 116 76 81 55 137 61 61 45 101 31 40 75 47 43 69 33 87 62 58 119 50 44 59 35 79 33 83 69 55 60 54 84 54 98
34 34 46 76 39 46 26 55 46 51 45 23 49 24 28 38 85 22 25 22 53 25 78 55 63 58 36 29 39 42 36 31 32 48 64 102 36 41
38 68 79 64 130 105 62 78 150 53 83 39 104 71 92 43 84 52 106 39 120 52 67 146 82 50 168 42 54 36 140 97 56 42 66 128 65 69
47 51 51 76 72 68 85 68 80 125 72 33 89 46 63 41 81 33 60 34 80 80 55 91 37 83 64 95 56 50 46 93 119 59 97 57 47 97
26 45 30 67 36 36 28 48 69 33 49 22 27 54 48 22 49 42 35 29 27 25 40 31 26 31 34 24 68 24 28 31 28 31 41 96 43 52
41 58 53 49 69 77 39 44 104 98 36 28 48 34 42 37 55 70 62 33 87 48 64 108 33 26 50 46 49 68 42 83 54 86 80 61 87 58
38 106 69 81 63 75 67 76 47 60 106 47 81 73 33 77 65 46 39 46 55 33 69 72 74 29 123 64 47 40 58 47 51 39 105 139 41 69
68 54 56 96 83 57 81 52 116 72 47 35 60 34 42 90 56 41 43 31 87 42 61 64 47 48 91 70 70 74 82 46 88 40 60 59 99 144
39 120 90 64 58 56 52 59 43 42 68 53 67 36 28 51 42 43 65 33 47 32 39 67 34 30 46 50 55 29 74 43 71 52 60 57 81 53
59 63 61 121 76 67 40 75 69 79 44 33 65 52 55 36 97 41 66 51 44 52 72 89 52 53 143 78 67 67 52 118 81 64 61 59 38 85
49 61 157 74 71 67 92 112 54 50 50 44 96 48 91 95 114 56 101 39 76 95 63 113 53 48 90 39 132 35 85 101 101 117 80 88 66 173
31 53 79 95 86 79 61 120 65 78 70 35 61 29 35 32 44 81 39 29 100 66 76 45 39 39 64 87 65 46 104 108 54 97 83 61 49 78
37 64 76 86 64 64 108 152 79 55 78 48 83 89 105 102 134 40 75 35 56 44 62 133 101 35 74 67 132 60 56 97 100 102 146 85 45 173
52 121 59 127 84 54 110 142 63 55 45 78 56 85 39 66 56 42 57 52 49 39 56 119 81 35 69 88 49 36 55 117 51 74 59 61 90 60
51 69 102 77 81 39 30 35 34 62 39 21 46 27 27 25 38 29 27 40 62 57 56 76 40 24 37 26 44 28 79 31 58 31 64 43 54 51
37 44 69 58 72 85 38 79 60 53 63 63 44 81 33 38 50 31 46 35 88 53 42 46 40 35 77 42 53 29 82 101 58 40 107 130 38 92
37 59 66 145 84 49 47 101 71 54 43 39 58 52 89 37 57 48 62 42 68 47 70 56 68 74 105 58 73 32 47 49 67 39 70 68 48 138
56 58 46 98 54 62 45 52 113 64 50 33 40 46 46 42 51 72 59 40 55 65 74 66 34 34 111 49 73 36 109 47 41 65 55 55 39 99
80 56 60 155 58 96 70 156 67 116 51 84 108 60 44 47 70 73 96 49 52 58 121 63 57 46 59 83 64 89 76 46 82 48 64 69 54 118
65 38 65 67 53 42 41 75 39 87 55 32 40 33 50 31 88 30 58 35 48 32 39 40 45 51 73 78 47 52 46 57 61 38 86 76 78 86
40 52 73 54 40 38 40 43 49 76 51 36 40 47 22 27 32 59 26 33 41 40 32 72 35 23 58 39 35 24 32 28 39 56 71 43 34 105
42 71 38 41 68 32 71 45 48 72 33 38 76 62 47 44 67 31 69 24 33 47 36 48 32 39 76 36 56 27 33 63 40 28 61 50 32 51
48 90 56 55 49 59 36 106 83 58 74 38 50 29 34 71 59 44 42 35 66 71 94 47 35 38 101 38 76 54 39 40 39 88 66 71 85 48
34 55 48 76 83 42 40 142 48 46 56 49 113 47 77 52 99 44 49 43 43 66 45 79 43 79 140 40 73 41 86 60 98 56 69 102 49 56
26 58 39 48 70 44 53 65 46 65 44 23 49 66 35 41 47 56 29 44 47 42 36 39 56 27 66 54 36 44 50 34 36 70 68 61 56 69
34 115 52 58 84 83 60 131 92 66 69 61 49 33 47 54 124 35 49 31 122 72 102 86 49 34 54 73 120 72 52 68 52 73 59 56 52 135
29 45 54 100 93 52 78 68 67 43 51 36 39 32 69 35 57 37 39 46 76 33 61 49 46 37 50 33 92 27 48 53 44 37 97 141 56 58
23 71 37 72 50 31 25 43 34 58 33 34 41 22 33 27 33 35 44 23 57 25 42 82 23 24 72 30 53 56 48 35 45 25 34 41 32 60
35 44 58 95 53 36 37 48 68 35 38 39 40 58 43 35 60 29 45 53 76 29 60 60 80 33 48 38 43 27 93 60 65 42 101 61 97 104
52 42 53 74 69 41 45 82 46 81 57 41 94 69 78 32 82 27 33 34 59 59 69 117 40 74 76 44 55 54 42 37 50 38 46 49 66 70
44 47 122 134 58 70 44 63 83 43 34 29 57 28 57 33 66 27 55 49 52 44 39 107 42 62 54 71 59 59 69 35 47 64 92 73 47 91
55 84 80 46 67 41 74 83 85 63 71 35 33 31 26 30 33 27 75 48 55 25 39 38 31 55 110 26 71 23 86 32 87 32 44 43 29 42
45 34 34 61 35 28 25 65 68 36 43 44 32 27 35 23 30 21 37 21 27 20 59 38 42 52 73 25 34 23 50 33 39 52 39 69 49 67
27 45 101 116 90 55 29 37 55 57 85 28 41 28 45 29 32 44 74 23 60 30 76 64 26 39 49 33 85 26 45 48 39 60 93 41 35 47
44 74 56 45 124 36 83 65 43 87 37 62 90 44 33 52 37 26 41 24 81 34 43 55 36 27 47 38 40 32 49 56 59 43 62 93 89 113
48 112 64 80 89 47 93 75 60 127 58 76 65 53 92 69 68 74 60 42 93 58 62 65 49 68 109 87 106 74 71 53 138 92 126 100 73 115
27 70 62 81 72 50 32 43 40 94 32 24 37 27 29 43 40 40 68 27 44 35 53 82 42 41 94 46 57 27 69 73 56 43 62 119 92 51
32 92 72 66 124 42 96 53 54 69 72 60 97 35 36 57 87 42 85 60 87 43 47 127 55 77 85 38 85 49 50 94 71 44 115 64 79 109
38 66 71 74 68 52 36 48 36 35 45 65 67 26 34 37 55 57 28 41 91 36 54 95 61 24 90 30 49 48 33 39 76 32 68 43 33 88
32 42 41 45 89 28 26 50 32 32 39 28 29 28 37 27 38 23 33 33 35 29 39 31 23 22 32 43 79 27 41 30 41 46 94 62 25 43
42 80 121 93 134 52 54 108 76 49 37 31 76 53 35 52 46 74 51 25 50 80 48 42 77 43 64 30 86 45 97 62 42 47 79 76 77 104
31 42 43 78 62 50 50 63 42 37 39 40 59 33 31 65 76 34 63 73 82 60 50 62 45 37 72 47 92 61 37 70 42 50 46 124 54 48
27 82 74 56 119 83 29 37 47 41 75 28 58 24 40 38 45 32 62 57 39 60 62 80 29 59 80 30 88 24 79 63 58 44 75 92 29 51
31 36 74 45 77 37 28 36 54 58 29 23 86 22 25 35 40 49 53 24 35 32 34 48 26 23 71 26 35 39 40 61 45 26 44 40 68 48
56 65 40 52 102 41 56 76 74 31 37 31 44 47 23 26 36 41 62 29 91 53 40 40 41 41 89 63 41 22 41 39 80 38 71 58 57 78
27 38 50 107 55 41 33 40 41 35 62 26 54 29 28 65 42 33 72 28 65 34 46 54 42 28 114 27 36 23 78 38 44 67 75 116 40 67
44 140 61 89 100 95 49 67 81 48 62 47 60 96 50 52 108 37 61 35 57 86 137 94 79 37 167 78 55 43 84 45 118 57 59 60 68 61
49 68 62 55 98 41 33 43 63 57 72 61 86 35 64 31 84 43 43 31 39 40 75 50 43 27 69 70 45 30 64 72 58 36 123 93 52 84
44 136 113 70 79 48 57 147 59 122 105 67 60 42 56 73 53 87 65 36 53 100 91 58 90 61 155 56 59 35 114 72 106 47 69 80 54 70
30 33 40 61 83 50 48 43 34 54 35 28 64 35 22 40 59 41 31 36 76 33 55 33 46 31 59 26 30 30 39 27 37 57 35 71 40 81
25 41 93 54 66 40 40 61 111 38 51 26 63 40 34 43 56 58 40 35 81 50 81 52 35 67 47 33 87 35 44 33 53 43 65 69 79 87
47 77 47 59 67 46 102 62 78 75 38 29 41 63 77 43 53 53 49 35 101 72 65 63 36 75 111 38 116 66 70 43 44 38 67 72 39 106
74 109 139 80 106 43 54 49 118 68 56 36 52 73 83 80 97 75 90 67 49 32 122 66 42 31 87 41 47 32 47 69 45 47 67 92 81 72
65 59 62 57 59 42 64 70 42 54 61 42 43 49 78 37 46 34 33 63 44 36 97 69 35 30 46 45 51 46 56 79 51 61 48 53 53 50
28 115 95 136 53 34 43 48 43 46 85 51 45 31 38 38 70 59 85 42 37 68 65 119 59 39 126 73 75 29 75 38 43 51 116 60 48 119
38 67 78 56 66 57 89 73 67 68 102 47 39 63 54 40 43 36 48 27 64 31 82 121 61 78 92 39 74 37 81 72 43 79 55 79 58 85
39 81 68 87 62 60 68 88 56 47 90 39 57 71 40 63 63 49 65 43 59 47 117 63 51 45 139 68 87 34 53 93 51 38 157 151 66 144
58 48 85 81 64 44 35 53 132 51 56 59 115 45 52 53 108 53 34 52 45 42 55 61 98 71 99 49 68 34 58 98 70 84 72 132 98 124
52 46 82 59 60 71 37 55 86 48 52 36 41 38 53 32 79 40 53 39 39 60 65 117 55 49 115 66 102 37 87 91 41 58 63 58 81 70
34 52 51 60 123 112 47 59 62 48 111 41 97 36 49 76 93 57 41 65 120 40 72 91 74 50 135 44 129 33 93 41 46 59 78 60 77 63
27 37 44 40 39 70 27 45 39 31 26 22 55 20 29 24 79 50 29 42 41 32 36 46 25 28 32 23 28 21 37 31 44 33 40 38 30 76
53 113 72 74 108 82 119 90 102 75 122 78 124 44 58 79 71 41 41 39 93 71 74 70 63 34 96 88 101 68 60 61 68 64 125 99 107 66
25 61 42 44 44 53 34 38 91 60 30 35 50 27 53 33 42 45 32 29 51 26 43 39 34 43 47 55 58 25 43 62 85 31 54 41 60 51
34 43 37 69 48 35 76 35 52 34 37 25 49 24 65 27 60 42 44 22 33 23 57 48 28 30 44 28 83 47 63 33 32 44 67 100 59 66
56 78 103 82 88 56 38 107 119 42 72 61 39 28 33 35 92 30 37 42 41 59 79 47 34 28 108 32 76 27 54 91 49 70 65 50 58 140
35 59 56 65 82 45 42 64 67 55 47 50 46 37 56 74 84 54 49 54 52 82 92 64 39 46 76 67 134 42 55 42 60 106 145 128 51 79
43 39 108 58 101 69 81 42 45 75 61 44 63 45 41 42 47 45 42 31 51 50 43 43 37 31 55 30 37 47 58 47 35 66 72 54 32 49
34 108 136 87 107 97 78 145 92 62 134 37 83 87 73 71 100 72 121 42 79 58 76 59 62 83 107 54 147 86 72 47 56 56 135 139 60 84
78 66 67 77 144 46 120 119 101 95 74 36 82 35 44 44 122 48 76 48 72 53 66 113 42 51 98 55 72 85 79 64 49 76 101 64 125 64
28 32 64 81 56 51 49 39 55 38 34 49 60 21 49 48 38 36 22 20 27 44 27 62 27 29 77 24 33 18 42 32 74 53 74 51 39 38
86 60 71 87 66 59 42 61 77 82 76 38 80 46 39 51 71 76 42 50 69 50 76 54 41 83 164 65 69 47 93 48 57 105 71 75 53 170
39 83 57 66 75 78 93 80 107 42 86 55 129 51 63 91 69 69 57 48 56 35 75 65 44 43 102 36 129 66 51 65 67 51 79 81 46 105
55 61 72 64 115 57 59 76 118 58 47 61 59 89 65 39 52 36 97 38 67 47 71 58 47 50 145 79 50 36 74 64 50 42 69 60 110 64
40 45 41 50 110 62 79 56 79 75 43 35 50 51 30 35 44 66 32 51 78 67 102 89 56 30 44 46 41 31 84 50 80 48 86 56 35 68
31 39 40 41 47 38 64 47 58 30 37 23 47 48 25 41 58 55 31 28 35 32 89 68 59 30 39 32 43 26 84 41 40 36 68 41 37 78
43 77 53 77 55 41 35 70 68 41 37 38 63 60 46 43 93 33 36 28 98 81 63 44 31 43 54 58 88 31 100 57 40 48 69 103 64 130
47 64 56 100 51 50 83 64 95 38 39 59 86 65 30 36 94 31 76 38 41 52 43 71 47 56 124 48 59 28 45 60 54 32 107 56 57 90
53 64 61 77 93 85 72 72 52 51 42 25 93 54 58 80 59 44 65 46 52 32 63 52 78 27 62 49 86 27 47 68 53 64 56 67 39 94
84 66 68 75 105 126 111 67 113 66 59 36 83 41 66 66 78 42 116 43 109 48 115 66 53 79 70 98 133 66 102 47 92 54 80 110 104 80
55 81 60 65 60 43 57 73 49 43 46 31 55 74 84 38 50 53 50 33 62 55 64 57 62 45 91 42 68 33 49 97 83 52 140 61 67 93
86 132 76 89 82 73 57 113 66 54 50 66 83 70 57 79 104 40 66 40 61 43 56 120 87 97 66 72 85 79 63 67 73 70 92 79 64 83
80 58 59 73 67 67 38 56 80 69 45 39 52 36 60 45 122 70 37 41 105 32 65 76 58 39 92 86 81 60 117 74 59 47 90 56 46 59
27 30 88 73 60 68 42 59 90 28 34 19 40 34 34 54 31 29 23 19 42 23 32 67 23 53 47 23 31 20 34 46 74 41 87 61 54 37
21 35 34 48 39 41 36 50 55 33 48 34 33 20 42 50 55 45 55 51 42 22 48 32 30 29 75 24 52 30 70 68 33 34 88 48 46 37
59 67 45 47 57 68 49 104 62 39 35 29 50 44 33 50 36 24 34 33 91 34 50 68 50 45 66 30 35 36 63 51 49 31 45 78 80 66
58 61 154 67 113 105 79 83 68 52 79 49 82 37 50 50 76 43 72 69 58 47 142 82 55 55 61 55 52 37 67 53 97 48 73 124 66 76
34 127 147 79 78 60 49 63 82 45 115 37 96 40 42 38 47 40 61 72 75 61 49 51 37 78 66 39 78 70 52 63 66 38 106 143 88 116
45 51 68 67 53 87 75 93 59 83 68 36 68 66 41 63 68 32 76 53 96 39 86 47 60 66 51 91 52 37 48 62 109 41 56 147 89 115
65 60 123 127 102 40 95 48 63 60 40 32 85 35 57 81 114 28 76 42 44 33 86 104 33 45 101 48 48 77 68 37 106 91 49 53 48 88
32 122 65 68 78 54 57 64 68 107 49 48 52 36 101 69 47 37 41 37 63 100 81 53 52 42 77 69 106 39 62 47 65 77 66 133 64 105
38 86 39 51 112 36 76 43 53 41 31 25 35 28 39 30 53 42 35 30 46 29 55 48 33 23 48 44 78 31 54 45 49 38 47 112 39 44
25 69 59 93 80 43 63 42 101 39 63 27 58 55 48 34 102 42 59 28 46 66 81 48 35 39 75 52 43 50 42 84 51 48 84 71 83 74
26 57 80 124 44 47 30 40 50 36 68 28 38 44 45 41 84 34 28 29 33 36 42 52 57 38 48 27 74 44 50 34 46 37 50 45 88 82
31 85 82 155 66 113 76 133 136 70 116 43 52 84 77 49 94 58 40 34 45 46 50 79 52 65 84 48 55 60 51 59 62 38 103 63 62 73
58 91 69 162 63 57 68 64 127 84 46 35 111 61 52 53 50 67 60 59 144 45 57 117 74 38 72 53 139 62 60 57 106 87 71 95 50 107
50 50 99 58 46 30 26 99 45 42 47 21 53 26 24 29 42 49 71 24 53 64 31 41 27 50 38 43 80 55 51 47 46 29 61 79 54 43
38 52 118 83 120 64 45 66 54 72 86 27 83 41 42 88 44 59 36 31 39 61 86 43 49 65 70 65 53 30 73 62 71 81 78 127 74 55
85 127 67 64 77 54 48 51 117 56 65 36 99 75 46 41 45 39 58 64 118 32 67 64 48 73 85 79 129 48 44 52 94 47 52 71 63 78
26 58 79 58 82 55 41 48 68 33 37 35 41 28 33 30 47 42 31 25 84 36 87 113 32 28 111 70 36 37 53 46 36 39 43 75 57 101
52 51 112 99 62 78 37 56 137 70 83 83 124 38 64 93 60 57 64 34 104 40 55 74 38 37 59 75 83 32 57 41 67 52 61 150 62 101
70 118 161 76 145 61 47 89 56 85 110 47 117 96 63 75 134 77 46 56 60 94 88 84 42 42 68 45 97 94 62 63 66 67 67 69 49 95
44 72 37 39 84 29 60 45 55 40 29 25 31 36 24 39 61 33 58 40 32 37 35 33 49 26 65 29 31 22 44 69 33 27 43 57 28 77
47 83 91 75 46 49 29 48 45 44 32 51 46 45 69 33 47 56 29 32 86 42 92 72 30 57 49 29 100 37 66 63 47 69 88 67 39 69
55 44 44 113 54 72 68 50 65 53 81 33 60 70 30 49 80 28 56 38 44 41 58 71 70 34 67 36 48 67 43 33 42 57 101 55 41 134
25 94 45 59 47 80 37 71 91 80 49 30 41 52 34 33 96 36 32 34 78 34 96 41 41 70 64 51 81 41 39 64 51 69 127 72 38 113
44 85 62 93 76 68 83 60 75 60 68 46 52 49 59 51 63 48 66 35 95 66 91 91 49 38 57 54 89 39 73 51 48 63 152 80 81 74
26 46 80 103 67 42 26 57 46 35 33 26 61 54 59 30 61 25 25 53 55 29 35 75 25 24 55 34 52 42 48 39 55 48 52 39 58 43
63 92 56 150 62 92 58 111 68 43 47 45 92 57 44 80 56 50 49 31 70 51 100 58 46 37 62 35 55 31 57 46 129 48 59 121 74 60
29 53 78 46 50 94 46 76 49 53 58 29 62 50 50 78 61 37 59 32 94 35 54 53 37 37 51 63 42 39 62 47 81 44 85 53 52 69
72 110 89 54 84 60 39 51 82 76 89 31 93 41 60 48 42 31 39 74 60 63 126 47 38 42 89 47 53 60 45 114 85 41 105 134 85 74
39 75 100 98 92 80 53 139 54 70 90 37 49 40 67 36 51 47 42 41 47 40 100 60 57 31 109 47 54 73 67 43 79 77 114 118 41 71
37 62 146 68 159 124 99 91 80 65 54 47 48 70 57 61 82 35 45 32 87 39 64 89 75 65 61 63 50 61 69 58 74 54 78 71 54 67
55 85 50 56 76 70 39 63 74 40 58 26 75 29 30 36 37 69 29 23 79 32 43 49 33 24 59 54 35 44 95 62 35 30 44 41 44 78
40 45 48 50 84 38 34 71 41 44 33 45 42 36 50 43 79 27 77 23 87 46 71 42 53 34 41 37 87 52 75 45 46 52 41 55 34 72
73 57 167 143 82 87 47 151 78 121 59 73 55 48 48 43 111 38 63 36 145 90 132 83 62 79 146 118 109 49 56 56 60 48 89 66 82 144
71 57 75 90 51 59 52 110 47 60 84 54 52 33 58 67 82 69 46 68 99 81 75 92 55 77 77 39 50 41 57 39 41 34 88 56 61 54
63 82 43 58 95 35 29 50 71 38 36 64 40 63 41 50 78 27 32 23 40 40 101 49 46 34 42 30 34 26 44 44 45 30 54 65 33 50
31 36 101 74 52 78 36 57 65 54 45 61 44 35 25 30 39 57 55 23 92 31 64 67 55 24 86 73 39 37 47 49 45 54 42 49 36 44
22 51 40 82 36 81 27 34 34 53 45 22 32 50 46 28 69 61 26 20 42 29 66 71 50 34 70 41 38 28 46 76 69 33 36 59 57 78
44 55 133 159 114 51 62 61 141 84 59 63 52 50 58 98 60 42 71 58 67 38 83 93 94 42 92 50 55 64 77 57 89 70 71 66 46 157
21 77 75 61 89 45 41 33 43 34 28 25 57 33 21 25 33 23 24 45 29 23 29 39 45 19 40 27 37 26 32 29 37 39 52 49 28 38
39 47 81 70 46 61 39 58 67 36 52 61 65 57 37 35 39 31 39 27 48 50 94 39 60 25 75 40 106 34 68 58 85 48 118 60 33 46
49 70 78 93 42 31 58 46 39 61 63 33 41 29 48 58 66 35 31 22 37 45 45 38 49 58 42 63 70 39 35 32 35 75 51 49 31 55
38 95 108 88 69 64 63 94 125 59 53 53 53 72 97 93 67 40 55 36 68 71 53 81 82 40 76 47 54 42 82 69 88 63 94 74 87 179
32 95 130 98 139 60 82 115 60 50 71 48 108 48 41 100 84 56 53 40 50 59 79 89 106 33 71 53 105 46 76 62 56 40 156 127 90 80
55 74 46 55 47 37 29 87 75 70 62 32 43 28 39 29 71 26 40 62 64 39 66 76 33 45 56 36 71 44 47 45 68 78 70 79 34 66
55 55 71 64 79 82 45 58 100 135 52 39 100 79 43 81 53 90 79 75 142 108 95 93 49 40 135 75 88 82 55 94 59 64 61 125 87 128
26 70 37 82 53 38 25 48 60 31 53 20 40 26 30 54 26 35 36 24 45 24 30 43 41 29 43 40 35 27 33 43 49 33 44 98 39 53
39 33 45 68 59 66 42 47 61 43 47 39 69 27 34 67 64 25 61 38 46 34 37 40 36 47 79 26 43 25 77 49 79 31 48 50 58 98
30 45 45 99 47 32 56 39 87 57 49 43 70 24 48 30 37 32 67 29 57 55 34 58 29 25 106 28 40 26 99 39 82 28 44 62 31 107
33 58 39 67 49 63 59 68 40 32 31 45 38 46 43 34 40 33 65 26 53 43 66 37 33 32 58 49 43 34 50 30 58 55 60 63 33 47
38 90 73 124 56 52 36 44 43 94 62 31 77 28 31 29 89 26 78 71 38 28 92 63 34 50 43 82 56 34 44 71 88 32 46 118 80 64
57 42 38 88 44 40 41 88 88 37 80 32 72 56 28 36 35 55 76 30 90 44 48 38 28 35 104 63 36 29 38 47 39 33 43 61 52 68
32 48 41 64 51 56 55 48 60 89 35 24 92 41 68 75 53 26 58 27 33 25 35 81 78 27 47 65 68 32 77 61 41 56 47 43 54 55
45 131 98 166 118 75 52 152 56 94 52 41 57 37 66 63 74 45 77 58 60 55 57 108 66 48 89 70 141 38 51 56 66 61 71 104 48 71
69 75 81 135 107 45 69 136 103 66 70 35 56 92 64 39 61 36 43 35 89 95 103 56 59 44 57 43 94 72 52 53 140 42 59 109 49 142
33 115 59 63 73 77 86 141 120 84 94 74 51 75 44 46 92 39 57 70 76 47 109 104 49 59 58 40 88 54 47 47 53 42 74 57 85 147
42 120 77 111 64 50 64 98 144 55 68 97 94 88 45 40 48 38 92 34 57 94 117 121 56 41 64 83 101 65 91 115 50 50 60 75 50 117
34 38 90 50 45 54 65 33 32 68 69 55 43 26 22 27 35 23 42 28 59 23 30 33 44 21 65 27 44 35 30 69 32 32 84 42 27 38
37 125 95 80 140 83 52 52 50 60 43 41 108 72 49 51 53 32 47 36 76 36 79 64 42 74 56 41 50 30 54 61 48 49 52 69 74 78
76 71 82 167 134 46 52 85 73 46 74 73 53 50 61 41 78 58 42 45 140 36 58 60 112 58 59 52 70 46 81 59 146 122 70 84 51 79
21 44 33 41 52 47 26 76 66 28 33 55 52 45 31 45 41 42 55 20 57 22 42 82 27 23 44 24 30 27 44 37 39 42 67 47 40 39
43 54 127 150 59 80 73 63 91 44 51 32 56 47 45 72 57 43 83 37 59 41 52 53 43 36 68 82 59 31 92 84 49 48 62 129 49 101
48 54 41 70 44 31 31 64 42 86 34 38 37 25 50 29 90 32 35 32 34 60 42 66 31 35 96 39 43 30 41 33 38 29 75 77 37 75
55 35 56 47 35 47 31 54 37 31 28 38 31 32 40 33 55 46 29 26 41 23 40 43 40 50 76 58 45 28 32 65 76 28 54 82 49 37
26 53 75 53 64 47 35 101 54 39 43 28 74 43 39 36 43 39 31 40 56 73 44 107 32 40 86 39 90 34 38 47 54 39 44 107 36 57
47 73 59 98 81 53 48 73 58 91 102 43 61 99 69 65 91 69 53 43 97 63 103 60 54 67 64 61 63 64 62 102 67 49 60 64 101 134
60 45 90 45 106 38 33 68 62 30 36 34 46 24 24 27 69 40 37 31 41 66 77 85 63 29 72 66 39 25 39 49 36 32 75 42 45 41
54 67 40 115 60 45 38 41 35 46 45 25 41 66 36 42 70 52 32 42 43 59 54 36 44 29 51 55 59 34 40 45 40 54 38 109 41 103
33 32 80 36 88 43 27 37 65 69 41 38 63 28 49 33 31 49 45 48 37 21 40 64 25 24 53 50 42 19 39 41 38 37 55 32 26 73
24 51 77 41 84 37 44 79 35 64 31 21 32 26 30 37 88 34 24 32 37 49 79 40 30 27 102 46 47 25 50 58 32 32 59 53 27 86
38 92 147 107 69 52 55 56 67 48 68 49 73 40 57 82 44 76 94 52 65 73 68 54 76 59 82 42 75 59 116 109 64 74 62 127 74 139
45 82 50 133 123 43 57 77 58 78 56 33 109 70 38 40 56 77 66 32 53 49 116 58 47 30 61 37 74 55 55 67 60 78 145 62 99 87
52 47 78 90 64 78 78 111 48 69 34 47 44 34 45 40 35 43 35 59 56 46 44 54 26 28 96 44 38 24 94 63 35 42 110 121 39 74
25 33 35 86 91 30 27 50 35 62 27 21 76 23 28 28 31 27 49 40 40 25 65 54 70 44 38 59 53 39 62 44 40 49 58 43 70 50
29 33 57 53 43 72 27 47 64 61 50 20 42 34 56 48 36 59 51 19 42 22 62 85 27 28 37 35 86 41 38 67 36 35 48 71 51 43
44 74 53 86 90 53 39 72 53 62 55 55 51 33 36 92 68 37 39 80 87 63 63 65 79 35 85 71 55 35 119 51 50 52 63 138 51 95
27 70 37 65 90 33 44 90 51 53 27 36 40 23 51 35 30 42 41 47 46 29 78 57 46 50 69 40 65 24 30 29 38 29 95 55 71 54
45 96 68 57 73 78 69 111 56 59 96 40 68 37 55 31 38 33 48 30 81 36 42 59 87 65 83 74 90 36 99 42 54 45 80 83 53 123
45 69 60 84 42 34 34 45 75 36 26 32 37 55 22 30 38 24 67 44 37 24 82 69 31 39 39 33 53 29 45 47 56 26 47 67 69 59
22 58 90 55 47 35 37 37 49 62 38 47 35 36 25 34 86 24 30 25 78 26 33 75 28 27 51 43 53 31 36 59 37 51 39 46 67 53
56 138 94 80 93 47 93 71 100 61 42 64 66 33 46 89 68 90 38 55 68 79 75 54 92 34 62 50 84 33 123 49 68 69 159 102 57 56
29 86 49 86 58 50 49 122 67 54 58 65 48 32 49 37 47 54 39 29 42 51 64 68 44 45 87 45 60 38 113 60 97 54 119 96 83 75
52 79 92 129 140 77 57 78 87 53 60 61 48 59 39 39 64 33 93 36 67 81 56 48 80 68 109 58 108 56 48 75 101 39 77 79 106 66
33 68 99 174 58 97 68 57 147 103 75 52 55 54 86 49 136 49 65 48 94 55 104 68 69 62 57 55 53 83 67 68 131 76 70 76 62 66
64 71 166 129 90 48 87 58 59 58 121 46 86 92 39 105 71 55 107 44 78 40 116 62 74 39 95 41 118 45 60 110 63 57 107 135 63 100
67 63 101 101 104 74 69 145 58 83 55 58 85 36 61 50 70 40 48 31 50 43 59 75 60 59 65 35 119 31 63 56 82 90 66 158 41 59
35 46 46 44 55 48 45 39 43 30 33 22 75 37 31 36 61 25 47 31 60 24 45 54 40 23 47 59 42 21 66 55 67 45 70 108 33 72
60 48 57 138 86 41 82 76 103 56 58 34 80 48 47 45 57 46 37 40 83 32 51 48 71 36 70 52 127 56 61 51 121 103 105 140 44 89
29 33 34 36 99 31 28 36 46 36 42 20 49 21 37 37 47 40 23 20 39 48 34 72 41 19 50 40 33 23 46 25 47 25 38 58 28 58
25 45 55 79 52 40 63 34 64 46 48 23 66 58 31 23 75 34 38 47 39 24 35 40 22 53 42 30 78 49 68 28 35 29 67 36 26 37
74 73 70 121 55 39 43 52 118 100 78 71 92 33 37 59 85 46 56 42 48 45 56 57 51 40 103 36 76 43 116 37 111 35 60 57 39 54
51 63 95 58 122 54 80 40 47 35 76 42 55 73 45 39 71 52 39 64 96 43 44 62 40 51 57 65 44 50 43 64 77 63 48 80 84 52
52 74 66 117 151 67 71 156 58 63 56 69 77 53 42 102 71 50 55 75 52 75 82 63 81 74 148 72 73 93 84 55 56 56 91 104 60 64
48 58 93 61 68 48 54 95 57 41 95 35 51 48 75 60 45 34 39 43 84 64 119 108 36 61 65 63 49 31 51 60 46 45 58 156 52 122
43 91 43 83 52 31 27 49 93 41 49 46 52 30 25 28 63 45 25 46 52 26 68 45 33 26 59 31 46 28 32 47 50 30 87 98 64 41
58 59 122 98 160 77 82 104 57 80 89 77 69 43 64 80 100 97 49 35 71 46 65 78 44 42 123 43 109 73 145 50 56 49 62 69 59 69
27 52 40 37 41 46 30 43 57 51 49 19 33 24 42 26 47 29 26 50 77 47 32 48 30 50 46 26 41 42 36 32 41 30 40 51 46 71
47 106 62 133 59 37 37 43 83 53 36 38 56 39 47 54 88 36 31 37 44 28 50 57 35 45 98 32 40 27 39 40 49 72 58 100 51 82
34 61 61 131 102 81 89 57 108 133 70 95 71 44 53 49 127 64 97 52 127 53 131 82 105 58 99 42 98 59 49 49 50 48 140 66 91 123
45 88 67 76 108 134 60 61 55 100 103 71 71 102 88 95 70 46 101 56 65 57 56 138 43 39 94 50 74 68 83 108 71 63 113 93 91 139
34 42 34 48 88 66 43 33 33 50 27 26 30 22 35 42 28 42 42 26 37 22 40 36 33 30 43 39 39 25 79 48 56 49 72 35 28 52
39 64 102 66 107 51 65 57 120 117 88 50 63 53 50 59 54 51 60 70 84 59 68 63 66 58 79 57 84 52 140 48 84 56 168 82 89 102
48 65 80 56 77 34 30 41 78 36 64 38 36 67 54 35 49 25 37 31 39 55 61 100 55 33 48 39 98 33 46 39 42 33 73 112 36 72
56 133 139 78 86 48 45 133 89 62 48 54 72 60 80 43 99 44 51 53 64 84 54 90 58 44 63 53 150 49 104 134 65 96 81 70 131 110
88 95 100 149 88 45 45 91 110 58 51 52 81 45 34 44 53 47 40 42 49 59 80 69 62 33 60 66 50 35 56 56 85 47 64 100 90 117
33 63 77 89 47 29 26 45 42 46 60 25 55 41 23 29 72 25 27 40 56 29 35 97 64 38 60 37 32 42 55 33 50 58 51 54 36 81
64 93 125 56 99 55 44 125 50 82 47 73 74 50 32 74 102 38 48 32 66 87 54 47 48 67 112 66 47 30 79 39 94 46 89 68 47 158
32 45 49 93 88 44 37 45 36 30 64 24 37 47 66 42 39 44 35 43 37 24 49 58 28 22 93 55 93 25 46 37 69 69 76 63 64 76
48 52 39 127 92 52 41 78 67 58 40 48 51 41 76 31 37 51 30 25 41 28 45 78 40 27 97 68 64 46 104 33 94 41 115 97 69 111
39 91 145 64 139 71 53 122 112 53 61 43 90 60 44 58 133 54 45 83 71 44 71 123 51 80 69 75 77 62 58 77 71 51 101 130 61 170
33 61 69 57 125 77 51 124 71 39 104 32 100 30 42 49 42 30 40 34 85 48 95 84 44 35 131 67 43 48 82 60 59 41 75 106 39 95
64 76 52 78 76 83 53 92 103 70 50 35 70 37 87 46 97 35 40 67 63 55 116 77 60 42 107 61 71 59 65 65 67 99 110 62 121 94
77 54 74 57 79 67 41 58 97 107 79 32 56 32 40 49 65 82 76 28 82 53 65 54 44 50 142 55 46 30 66 48 54 80 50 61 39 104
74 53 88 109 131 49 53 65 54 57 77 68 70 55 71 40 130 52 47 41 65 38 78 59 59 72 112 64 65 50 105 51 58 40 89 89 72 96
54 104 153 111 95 57 79 124 134 61 74 57 97 87 59 49 51 67 57 45 47 50 55 68 57 63 103 40 105 43 68 85 87 40 57 59 112 77
57 131 133 102 92 49 39 67 95 75 72 83 76 51 39 54 112 40 52 38 73 36 65 51 37 31 77 63 53 37 124 101 93 74 71 100 54 138
33 71 65 108 55 35 26 35 37 35 30 45 76 55 61 25 54 29 24 22 34 35 39 57 30 32 46 35 45 46 72 74 60 31 40 37 29 63
54 40 41 127 83 61 57 42 41 39 53 25 52 38 31 60 40 48 34 33 36 29 46 49 33 39 102 48 42 43 50 55 74 83 57 107 43 56
41 107 71 129 64 67 101 89 52 55 43 34 54 60 45 36 66 66 95 53 54 55 64 85 39 37 83 47 62 76 49 64 63 45 62 61 76 94
70 61 101 125 97 47 70 68 62 47 67 68 45 32 43 39 61 32 64 82 100 46 94 65 38 31 124 76 86 31 50 66 48 44 62 92 39 64
32 89 89 62 117 67 81 57 68 83 42 59 61 80 34 51 76 96 53 63 67 64 76 53 58 69 62 38 104 43 58 95 66 46 68 131 112 110
66 64 90 61 132 81 111 91 70 99 61 76 66 42 83 90 123 76 101 58 55 56 51 55 57 34 82 42 67 33 105 94 50 85 75 95 43 62
30 86 41 74 58 50 42 78 46 69 35 37 44 32 25 49 75 47 39 29 40 69 40 79 56 23 111 37 89 48 49 79 62 45 46 42 32 44
36 123 118 135 68 60 89 57 130 53 47 53 115 38 47 68 148 85 111 36 58 94 74 163 57 46 76 70 76 48 78 93 122 92 64 121 121 65
41 102 114 66 64 111 51 69 107 66 53 52 61 62 98 95 62 55 43 66 134 52 105 105 49 51 99 54 103 40 56 61 95 60 73 74 52 80
21 94 101 45 50 41 31 64 51 43 45 32 84 24 30 31 51 54 31 31 32 56 79 47 38 40 38 26 48 42 41 45 45 55 41 43 29 41
26 35 67 109 56 31 32 86 59 58 38 27 34 30 26 29 48 27 32 28 38 33 40 62 32 31 68 34 56 52 35 35 45 38 78 44 33 52
54 42 38 64 59 59 56 44 37 58 38 31 36 31 30 35 33 24 35 25 59 64 49 49 35 31 58 61 36 53 32 34 40 71 52 73 30 42
70 108 56 94 149 53 45 115 62 77 111 42 52 38 50 90 61 47 105 65 54 43 113 88 41 61 96 41 63 39 62 88 50 77 63 165 48 87
34 124 78 82 60 48 86 63 64 65 84 41 73 43 46 35 105 44 43 37 52 33 82 55 73 29 127 44 84 30 43 74 56 53 76 114 50 78
56 86 62 66 84 41 81 106 80 60 38 63 43 33 72 76 41 40 50 28 59 56 62 79 41 38 73 58 91 67 50 41 91 86 89 58 55 151
53 54 52 70 53 47 40 76 42 58 59 28 101 58 28 63 100 48 35 34 107 38 46 41 33 39 60 61 63 54 109 41 92 43 129 71 59 126
36 67 72 62 73 52 64 112 84 51 87 77 117 43 54 70 97 55 43 34 50 50 56 145 91 47 96 55 111 67 50 110 99 109 58 57 42 120
44 69 49 43 89 44 30 54 44 30 31 45 33 29 56 33 60 54 42 43 59 22 82 39 40 36 39 45 61 21 32 54 59 58 56 106 29 53
48 105 98 48 54 70 34 83 76 76 81 75 39 39 66 57 89 35 45 29 46 77 73 109 55 35 62 36 42 41 61 80 67 36 100 91 61 71
24 70 82 60 55 94 44 52 92 85 33 31 54 35 30 29 92 37 47 28 72 47 37 44 36 45 44 44 51 28 46 32 48 78 86 43 62 120
40 62 60 58 62 29 56 31 30 26 69 31 58 50 33 24 55 35 43 26 62 21 35 40 21 21 41 21 38 29 44 29 33 33 49 40 43 48
1 2
2 3
3 4
4 5
4 22
4 26
4 27
4 40
4 48
4 56
4 83
4 86
4 94
4 105
4 109
4 111
4 134
4 221
4 247
4 259
5 6
6 7
6 8
6 9
6 10
7 11
7 12
7 13
7 14
7 15
7 20
8 11
8 12
8 13
8 14
8 15
8 20
9 11
9 12
9 13
9 14
9 15
9 20
10 11
10 12
10 13
10 14
10 15
10 20
11 16
12 17
13 18
14 19
15 21
16 23
17 23
18 23
19 23
20 23
21 23
22 24
22 25
23 28
24 29
25 29
26 30
27 31
28 32
28 37
29 33
29 44
29 121
30 34
30 297
31 34
31 82
31 172
31 179
32 36
33 38
34 35
35 42
36 39
37 39
38 41
39 43
40 44
40 84
40 97
41 45
42 46
43 47
44 49
45 50
46 51
46 138
47 52
48 52
49 53
50 54
51 55
51 81
52 57
53 58
54 58
54 296
55 59
56 60
56 61
57 62
57 63
57 71
57 76
58 64
59 64
59 99
59 100
60 68
61 65
62 66
63 67
64 72
65 69
66 69
67 70
68 73
69 74
70 75
71 77
72 78
73 84
73 97
74 84
74 97
75 84
75 97
76 84
76 97
77 84
77 97
78 79
78 80
78 125
78 192
79 85
80 85
81 87
82 88
82 89
83 90
84 91
85 92
86 93
87 99
87 100
88 99
88 100
89 99
89 100
90 95
91 96
92 98
93 98
94 101
95 101
96 101
97 101
98 102
99 103
100 104
101 106
102 107
103 108
104 108
105 110
106 112
107 113
108 114
108 115
108 292
109 119
109 120
110 119
110 120
110 162
111 116
112 117
113 118
114 119
115 120
116 122
117 123
117 124
117 257
118 126
119 127
120 127
120 150
121 128
122 129
123 130
123 145
123 146
123 147
123 148
123 149
124 130
125 130
126 130
127 130
127 157
128 130
129 130
129 141
130 131
130 144
131 132
131 133
132 135
133 135
133 170
134 136
135 137
136 139
137 140
138 140
138 191
139 142
139 253
140 143
140 200
141 151
142 152
143 153
143 169
144 154
145 155
146 156
147 158
148 159
149 160
150 161
151 163
152 164
153 165
154 166
155 166
156 166
157 166
158 166
159 166
160 166
161 166
162 167
163 166
164 167
165 168
165 176
166 170
167 171
168 173
169 174
170 174
171 174
172 175
173 177
174 178
174 287
174 288
175 180
176 181
177 181
178 181
179 181
180 181
180 252
181 182
181 183
181 184
181 185
181 186
181 187
181 188
181 189
181 196
181 197
181 295
182 190
183 193
184 194
185 195
186 195
187 195
188 195
189 195
190 195
191 200
192 201
193 198
194 199
195 199
195 203
195 205
195 227
195 229
196 202
197 202
198 202
199 202
200 202
201 202
202 204
202 251
203 206
203 208
204 207
204 250
205 207
206 209
207 210
207 212
208 210
209 210
209 211
210 213
211 213
212 214
213 214
214 215
214 234
215 216
216 217
217 218
218 219
219 220
220 222
221 223
222 224
223 225
224 226
225 227
226 228
227 230
228 231
229 235
229 236
230 232
230 271
230 289
231 233
232 236
233 237
234 238
234 256
235 237
236 239
237 240
238 240
238 285
239 240
239 279
240 241
240 243
241 242
242 244
243 245
243 246
244 245
244 246
244 255
245 248
246 248
247 278
248 249
249 254
249 284
250 256
251 256
252 258
253 260
254 261
255 261
255 262
256 263
257 264
258 265
259 266
260 267
261 268
261 269
262 269
263 270
264 271
265 272
266 271
267 273
268 274
269 274
270 274
271 274
272 275
273 276
274 277
274 278
274 282
275 280
276 281
277 283
278 283
279 286
280 290
281 291
282 293
283 293
284 294
285 294
286 294
287 293
288 293
289 294
290 293
291 293
292 293
-1 -1
