297
92 30 31 70 37 24 40 54 62 125 26 65 81 55 43 35 48 74 33
83 24 25 51 24 42 25 60 34 50 46 42 35 23 32 37 56 61 32
62 62 69 54 46 45 56 55 37 87 75 100 46 50 62 64 95 110 61
74 58 43 87 97 49 44 60 68 69 73 135 58 67 46 70 93 41 38
115 30 35 52 58 53 34 33 64 78 55 142 88 39 73 91 68 39 60
52 53 28 40 30 49 36 29 65 76 46 110 62 43 79 39 63 32 71
90 41 73 114 36 38 84 83 40 169 40 118 77 68 59 44 62 65 83
105 26 35 94 42 39 61 54 25 85 52 67 50 26 46 43 98 53 44
42 30 31 48 39 33 49 30 34 59 31 93 56 33 34 30 47 49 28
51 37 26 35 24 31 53 37 27 70 27 85 65 47 33 30 57 33 22
76 51 33 30 30 59 36 26 21 89 32 42 69 28 79 28 76 27 55
80 28 34 50 35 42 32 62 50 131 62 41 51 39 32 65 53 30 37
49 26 48 40 24 52 55 42 22 44 64 43 53 30 36 39 89 39 30
53 26 46 31 23 35 32 50 20 60 34 41 37 21 46 26 72 26 28
67 35 43 48 68 36 107 57 55 112 52 56 57 31 115 40 83 72 34
98 70 51 49 48 64 62 48 42 109 80 72 109 51 67 50 61 99 36
119 24 25 73 26 26 58 57 53 56 35 99 38 29 64 28 71 37 39
80 55 42 95 82 44 49 51 62 151 100 84 57 43 52 59 73 60 34
48 39 22 39 29 52 45 56 27 52 61 41 44 55 69 61 50 72 28
55 23 32 41 64 28 30 46 41 95 49 44 88 55 89 32 75 32 23
110 56 56 60 43 51 30 51 50 47 68 45 58 26 48 58 105 32 41
55 44 25 36 27 26 56 27 52 48 33 34 45 25 33 59 37 32 29
74 57 36 58 44 61 47 78 43 171 43 59 53 40 85 91 70 105 92
60 23 41 27 39 44 24 21 33 42 54 32 50 37 31 42 40 28 24
60 33 44 45 51 26 48 64 45 82 31 83 94 35 35 97 61 61 51
53 43 55 37 28 61 62 63 28 78 30 80 75 57 39 36 39 45 36
50 26 39 66 34 21 40 25 24 42 23 38 36 57 30 39 89 40 23
43 22 36 75 31 36 35 42 46 44 33 46 47 26 55 56 38 60 32
40 27 34 31 42 21 34 51 21 88 37 89 76 33 71 40 49 23 33
44 65 68 51 48 54 42 29 39 48 63 47 42 43 36 77 50 39 24
62 40 28 62 41 26 40 36 40 128 63 60 91 34 60 45 96 83 33
56 42 32 87 42 35 28 29 27 90 57 44 88 30 73 28 53 27 31
157 38 43 54 37 37 53 41 50 69 39 80 42 36 114 57 55 86 58
123 51 23 35 37 27 58 36 29 117 26 59 43 26 82 30 49 51 24
52 41 60 56 34 27 39 27 33 55 57 50 33 30 33 37 71 28 22
63 44 62 66 48 37 84 35 28 80 45 69 87 50 81 35 83 51 59
139 39 49 89 44 36 39 61 29 125 42 111 45 28 36 68 49 75 27
72 36 54 74 35 30 28 43 23 45 65 67 68 56 36 30 44 56 36
51 32 36 66 34 66 51 58 36 129 69 46 40 26 67 84 103 74 40
64 49 40 127 42 40 78 46 35 66 54 63 116 61 57 78 89 46 86
44 44 61 70 67 33 32 37 45 46 27 46 60 42 46 38 51 33 33
59 42 36 51 40 47 48 52 25 61 63 52 59 36 87 46 42 41 28
127 59 41 75 99 75 65 45 74 82 39 66 52 39 82 53 124 115 49
52 42 19 30 38 34 27 38 39 103 24 49 30 25 30 48 91 36 26
111 69 71 70 41 34 73 76 40 129 57 120 66 40 42 41 57 51 34
108 54 27 108 29 78 52 31 48 60 37 46 53 28 43 40 47 58 60
73 74 77 64 82 44 60 36 86 164 36 105 67 85 60 68 106 77 56
73 44 38 75 102 94 56 38 54 73 47 75 94 49 94 103 120 48 40
124 68 28 54 57 66 44 39 38 156 49 54 54 54 39 48 133 50 28
105 79 58 49 52 72 80 70 83 155 34 73 94 36 47 47 126 55 50
72 33 74 106 44 51 92 41 93 65 62 60 70 67 49 47 128 42 38
129 79 39 49 49 49 57 81 44 65 54 85 110 49 50 95 91 40 62
136 56 39 74 48 35 79 42 37 69 77 102 67 38 73 83 86 47 36
118 33 29 60 35 38 36 35 26 76 31 108 68 36 87 43 87 44 28
60 26 64 34 38 48 43 35 24 50 24 97 48 23 45 31 47 64 46
42 26 37 55 22 35 36 45 29 87 37 40 48 31 34 60 57 66 39
62 85 36 47 83 90 62 43 42 93 83 58 128 46 118 91 149 43 38
69 64 59 58 60 39 98 59 86 145 51 104 88 37 77 55 103 64 33
67 47 56 47 29 66 76 44 42 78 80 50 73 36 88 77 50 33 28
113 72 40 110 36 42 43 81 53 140 47 64 98 72 42 49 101 43 54
62 42 60 49 71 50 70 43 35 87 34 120 83 41 63 111 140 93 32
150 66 59 43 82 33 41 45 29 58 44 120 53 38 93 40 71 64 33
177 61 37 61 59 64 41 52 48 66 70 80 69 32 49 90 123 52 48
65 32 32 45 48 28 41 39 34 75 37 52 59 50 63 62 59 74 34
85 75 49 46 35 32 64 49 87 69 88 70 51 79 53 53 133 44 46
42 23 27 32 33 24 35 24 34 72 58 37 45 22 64 31 41 44 47
69 70 49 61 61 27 39 41 29 80 49 66 40 34 53 89 58 61 30
88 38 98 57 55 56 73 108 37 168 88 64 62 75 122 93 61 118 87
95 32 31 48 36 30 43 63 43 134 47 66 68 34 69 45 59 36 69
54 34 44 67 33 59 58 85 38 52 65 64 42 62 41 41 71 34 38
45 28 29 89 34 22 38 45 50 53 25 67 31 29 36 52 51 41 27
82 71 44 43 72 29 39 28 33 67 50 79 57 65 39 42 76 36 72
59 50 42 120 82 56 83 52 57 59 71 56 97 53 101 91 76 41 78
86 48 36 98 45 65 59 53 38 85 74 116 60 76 64 53 64 39 60
95 54 37 111 53 35 86 76 32 127 35 83 57 33 45 56 61 40 92
98 41 40 64 28 69 61 37 49 84 41 54 38 71 37 75 70 69 65
80 59 53 54 40 39 59 43 94 139 72 60 73 37 63 120 136 57 68
103 34 47 89 73 51 53 42 35 76 68 107 61 47 54 86 59 57 28
117 45 80 61 50 37 51 34 46 88 96 53 57 38 58 46 99 86 30
83 41 27 46 55 27 29 39 21 45 26 107 30 50 55 27 45 62 28
68 93 75 50 66 90 95 73 33 109 46 82 55 62 61 44 71 47 38
45 29 48 85 43 26 40 49 32 78 37 81 73 22 65 34 67 52 29
50 29 24 51 23 21 67 27 29 39 37 85 74 28 49 66 56 33 27
58 40 41 79 32 40 57 23 54 55 23 67 65 23 86 45 37 47 44
163 58 44 67 101 81 80 45 45 186 58 85 103 68 53 104 60 55 64
44 37 57 59 23 21 40 30 26 62 27 37 71 31 68 32 48 40 54
67 38 22 32 27 19 49 23 21 82 45 87 35 27 28 60 46 40 20
63 33 40 85 52 32 40 38 31 86 41 52 91 59 35 94 89 61 51
51 35 64 41 43 46 91 36 51 59 56 99 62 56 53 35 72 73 31
102 78 44 107 46 53 46 77 35 64 85 65 54 41 86 72 92 72 38
53 45 58 69 37 30 52 69 31 75 54 95 63 41 49 61 70 37 57
77 29 31 114 58 36 50 46 46 61 48 68 60 72 43 68 58 78 45
65 35 69 69 50 40 57 49 85 104 78 141 82 58 94 43 61 37 84
71 42 24 55 61 23 37 31 38 57 34 82 71 38 31 76 51 40 36
70 35 27 43 57 31 84 38 33 55 29 52 77 30 43 49 58 33 46
113 39 27 46 25 27 55 23 27 41 28 46 33 22 41 41 38 40 32
65 22 24 32 42 57 42 45 31 51 50 74 37 26 56 30 46 34 31
61 35 46 78 62 51 62 53 48 87 37 58 113 59 43 57 62 54 31
46 24 23 52 23 26 23 47 20 40 20 97 31 35 30 52 52 37 29
70 31 29 92 59 26 45 68 57 69 39 71 62 62 94 39 48 52 58
118 70 55 77 35 54 42 41 71 134 45 127 50 94 78 108 104 105 37
84 32 29 49 50 53 43 32 27 67 29 80 44 27 65 79 97 62 42
81 42 61 105 62 55 72 44 65 66 47 146 49 66 79 44 66 86 34
91 29 29 82 56 26 45 83 27 116 53 52 54 38 79 56 111 42 40
116 50 72 74 35 35 109 38 75 85 37 171 68 50 109 48 143 61 89
102 87 56 54 34 31 48 42 40 61 48 69 50 69 58 52 79 90 33
77 42 32 110 49 33 74 56 49 71 38 83 105 56 94 53 66 47 51
72 50 44 60 51 32 53 73 55 57 49 108 50 36 38 36 100 72 63
84 80 34 64 36 43 53 62 63 151 49 88 102 49 51 47 84 47 35
83 49 23 37 24 21 48 61 33 64 47 53 38 26 37 67 54 46 22
75 30 33 45 27 47 42 43 29 95 31 76 30 28 83 31 49 60 26
56 36 81 112 76 44 56 33 44 62 37 146 55 84 43 45 57 45 55
35 22 22 28 23 50 44 47 26 90 48 76 35 19 26 58 88 28 32
63 80 36 45 47 90 57 82 40 76 38 60 70 42 43 118 103 58 48
76 33 76 78 85 70 36 33 70 144 39 139 72 28 51 40 127 53 31
136 34 35 87 72 40 52 35 30 61 32 55 67 31 52 35 77 80 28
52 29 41 45 35 50 84 30 57 82 32 45 103 63 51 73 47 66 66
97 103 39 87 36 44 46 45 96 110 50 74 49 81 74 71 166 106 37
67 21 27 37 25 27 25 30 46 78 49 48 34 18 46 60 56 57 45
52 37 27 55 56 20 67 24 36 101 37 70 75 20 28 39 38 43 56
51 28 23 71 26 28 28 26 17 50 25 41 46 24 44 31 45 41 22
53 61 55 35 41 22 31 45 30 106 40 81 49 24 82 72 50 33 53
119 39 28 50 46 56 44 55 37 45 30 49 50 28 30 77 52 32 48
89 42 35 95 64 36 75 39 38 58 58 99 54 75 72 90 55 65 32
56 67 54 86 54 24 57 43 31 66 33 60 67 46 49 32 44 56 41
48 25 26 41 54 63 68 30 52 48 30 71 43 34 51 55 45 45 25
134 35 44 60 39 68 44 37 41 156 64 94 81 63 61 111 125 57 33
63 40 28 49 43 18 27 39 20 58 39 54 40 20 33 67 42 37 29
58 34 64 54 40 58 104 52 65 118 73 98 53 31 96 77 91 75 34
58 36 56 36 42 65 37 41 39 63 54 43 35 67 66 62 123 47 29
78 87 38 98 84 83 56 41 37 69 59 83 97 79 51 51 95 97 67
39 47 21 37 32 22 66 29 25 85 41 43 83 28 39 43 87 54 22
64 35 23 34 23 34 52 32 23 69 43 41 44 32 40 76 99 67 32
112 30 36 49 28 56 36 33 25 60 78 117 98 31 71 52 44 30 28
65 27 31 71 22 57 44 24 41 69 44 48 69 23 33 31 71 59 42
136 51 48 79 55 48 43 61 43 58 56 70 92 56 41 63 81 41 38
40 25 43 33 42 26 58 50 37 103 49 67 42 35 42 43 50 37 36
98 38 48 77 70 51 48 43 33 94 74 60 66 50 46 73 148 45 40
76 53 50 54 42 31 41 48 64 75 35 119 43 60 66 67 97 64 48
89 30 43 44 33 31 57 36 49 110 71 51 38 29 40 70 73 34 60
55 34 43 81 60 72 37 36 28 135 41 73 44 40 39 35 82 38 41
84 44 28 40 43 50 45 36 48 78 31 66 55 49 62 36 122 52 27
136 33 51 63 51 36 38 70 69 142 65 136 104 30 74 100 69 58 42
69 40 32 99 57 43 60 61 36 65 79 97 103 81 77 45 88 45 47
47 41 34 40 27 37 29 29 28 116 28 68 53 32 46 28 53 35 23
70 24 42 31 24 30 35 38 40 46 31 41 42 27 61 36 76 57 34
59 42 36 69 34 41 59 43 57 58 61 48 51 36 39 53 49 43 50
44 27 34 55 29 33 27 60 20 44 29 38 43 20 33 41 44 27 29
75 35 35 61 68 34 65 38 35 66 42 83 41 29 48 49 56 41 42
65 24 45 77 37 42 68 47 29 44 27 58 43 25 33 69 36 31 28
53 43 29 40 27 50 36 23 25 42 26 52 29 22 76 52 94 40 21
68 27 19 37 32 39 52 22 47 38 29 67 28 47 41 35 37 28 39
71 72 31 124 44 90 54 41 55 164 59 105 82 46 48 49 118 40 58
80 96 74 104 39 36 54 107 33 133 38 117 100 52 53 44 158 40 49
100 40 27 55 22 20 45 32 22 71 56 69 38 22 39 42 49 25 21
51 29 34 74 28 57 54 49 24 53 58 45 28 35 39 29 92 29 20
83 49 53 47 57 34 52 44 62 64 39 71 52 84 96 90 71 98 48
103 42 41 44 25 39 43 24 43 46 36 83 49 20 27 55 44 56 40
58 64 26 37 39 30 43 26 37 48 36 50 95 36 35 46 111 43 26
111 54 36 143 44 46 49 63 101 67 66 131 49 45 100 77 136 77 53
93 30 54 100 44 39 82 32 27 51 50 51 38 29 49 36 49 57 28
84 21 21 50 31 39 26 39 21 52 24 43 65 24 27 36 63 51 25
113 39 34 65 52 47 28 55 23 75 28 43 36 43 45 48 41 41 25
73 91 54 58 50 54 47 45 63 79 74 80 137 69 45 122 162 39 60
49 20 24 30 29 22 38 22 33 50 47 65 60 23 27 36 43 64 25
56 47 59 106 49 38 51 35 43 127 63 50 58 51 56 47 89 62 54
90 50 24 74 27 22 35 22 24 52 24 39 72 36 39 26 59 33 37
44 42 35 65 23 49 31 53 43 37 23 48 78 33 36 27 41 26 23
56 32 28 66 55 46 37 31 31 93 48 99 47 42 59 42 107 32 29
55 45 29 86 34 74 61 35 50 114 35 149 64 29 55 47 101 49 29
66 23 34 40 48 57 81 26 29 51 54 41 44 37 42 79 62 27 22
107 48 59 92 79 40 106 51 85 60 89 62 45 89 118 93 119 85 35
54 22 20 60 57 45 47 41 44 72 49 97 31 26 41 44 54 28 53
99 36 36 81 73 37 69 111 35 85 55 81 104 52 102 76 84 72 78
57 35 36 50 44 41 59 43 22 67 38 39 51 36 40 79 83 35 64
105 55 36 96 92 60 42 59 49 61 69 74 53 87 67 72 97 65 62
93 39 38 56 31 30 102 57 36 83 51 66 91 39 63 44 99 41 29
93 44 57 68 72 92 54 48 32 124 55 147 68 39 46 109 69 44 41
46 41 24 59 31 52 34 26 61 64 32 86 39 26 37 72 116 47 27
71 76 43 99 62 36 105 108 50 123 41 71 49 52 60 74 161 54 41
43 44 29 86 27 24 71 29 28 68 41 63 34 30 60 51 42 42 32
95 46 56 63 28 30 37 42 29 75 29 111 80 48 36 38 81 32 38
95 27 28 75 48 32 84 73 66 71 45 46 73 35 72 49 54 70 26
56 50 36 37 30 54 71 66 31 46 27 107 36 22 71 69 43 35 46
59 37 43 99 46 29 46 40 57 81 37 86 83 58 65 46 81 36 77
103 31 52 74 77 62 43 73 65 97 91 56 123 34 116 84 67 52 39
41 27 28 81 42 24 28 25 46 48 30 53 60 31 42 34 54 51 61
66 24 23 43 67 23 33 59 26 66 52 65 34 28 33 38 59 55 40
153 82 61 86 73 45 59 53 48 85 43 116 102 66 67 94 64 70 57
36 19 22 43 40 23 31 21 19 75 20 38 50 34 73 28 81 57 36
72 83 37 84 60 35 37 61 45 64 65 54 52 38 101 40 65 41 53
67 48 30 63 63 46 36 27 23 86 43 47 35 23 83 29 60 41 38
51 42 36 43 26 58 47 27 38 72 30 70 91 23 55 31 92 63 59
61 54 28 44 51 30 33 47 53 103 21 84 73 32 31 45 49 59 28
35 29 30 41 25 46 65 25 21 62 25 68 58 19 32 58 72 38 23
88 39 50 64 32 27 64 72 29 84 40 86 53 24 34 43 63 44 32
115 57 36 51 27 26 48 57 46 103 75 53 55 37 34 87 66 29 53
124 74 36 57 61 37 75 46 52 163 32 76 43 36 57 47 92 74 47
97 28 24 33 25 25 31 44 18 42 55 51 32 20 42 50 39 23 19
57 61 28 41 38 65 43 38 26 130 31 99 48 48 37 54 47 44 65
47 42 39 34 23 33 27 51 59 95 38 75 39 32 71 47 104 50 44
57 41 39 44 39 87 75 36 34 74 38 100 84 36 41 54 70 38 58
74 27 30 66 28 33 37 23 26 65 45 39 40 28 35 42 36 38 20
81 37 44 70 51 41 33 29 31 43 32 40 88 49 38 41 61 41 47
114 54 27 79 27 38 53 41 37 105 60 124 43 35 36 51 127 36 25
38 20 34 45 20 21 27 24 41 74 22 74 33 31 30 65 35 30 32
66 44 51 55 66 36 63 45 39 69 60 101 50 71 64 41 71 54 34
94 41 60 122 83 53 41 74 48 125 55 91 46 43 46 87 80 90 80
104 40 28 65 55 58 33 50 59 133 29 85 39 29 41 64 56 70 32
53 37 36 57 45 43 39 61 55 83 55 79 40 25 33 59 58 72 65
50 42 29 47 37 53 43 32 30 47 45 43 69 39 57 45 54 74 45
138 40 42 52 74 38 44 53 51 86 44 130 44 44 57 54 95 38 63
48 26 44 76 37 22 25 25 21 54 24 41 29 35 62 67 74 28 23
83 66 35 56 35 35 60 59 47 118 46 60 78 32 100 55 62 59 32
75 54 39 29 22 34 29 61 58 48 28 92 54 27 30 27 35 28 25
87 42 70 42 36 41 38 35 34 53 33 54 88 32 67 37 61 33 36
84 32 26 51 61 38 34 28 34 38 26 54 53 22 30 67 66 28 29
97 34 45 71 39 32 41 76 35 48 35 72 39 47 43 34 90 44 46
120 39 34 51 52 60 88 51 48 152 57 89 65 96 125 72 102 112 38
96 72 32 118 44 61 69 85 73 84 76 161 129 38 63 68 96 79 36
124 45 43 61 92 44 101 108 34 64 56 79 78 61 85 56 74 53 68
134 47 53 124 47 79 82 49 54 80 50 64 82 65 73 109 66 51 33
62 50 36 47 83 41 49 55 39 73 62 62 47 32 115 43 98 92 40
86 36 66 46 64 49 86 33 39 73 67 103 80 32 76 44 112 55 79
62 24 57 48 26 48 72 42 39 51 42 72 43 37 30 65 42 73 32
77 56 49 90 42 64 45 80 39 99 63 62 57 40 112 124 63 48 44
106 35 33 48 38 25 33 48 53 57 41 113 41 31 39 36 46 30 30
177 79 34 98 71 41 97 37 51 81 63 142 47 38 58 42 78 110 57
64 25 21 40 20 46 25 46 19 68 58 41 57 19 44 25 40 51 19
49 26 26 28 22 25 27 40 32 61 22 40 41 33 37 27 52 62 26
41 23 38 48 31 47 39 41 31 43 35 49 35 45 29 56 56 27 31
50 38 31 35 22 32 29 23 46 49 24 48 39 47 65 74 37 62 21
47 30 31 91 42 26 49 30 49 82 34 71 45 54 72 69 57 60 46
103 35 41 94 58 26 34 29 35 70 81 88 47 26 100 37 65 68 60
49 21 49 34 39 23 52 36 42 52 36 70 53 52 49 55 70 59 29
78 34 43 98 78 41 66 49 80 85 46 65 70 33 89 53 165 55 52
73 27 31 45 41 27 60 44 26 85 76 57 56 71 36 38 64 56 30
85 28 58 64 39 58 31 31 34 95 72 71 52 26 41 85 98 29 57
81 37 41 67 46 68 41 46 81 73 72 63 106 91 85 87 60 67 60
94 42 23 54 33 45 59 39 27 83 51 51 34 36 76 53 84 38 49
62 27 31 32 25 36 60 49 26 45 52 63 55 56 62 29 86 27 26
63 37 38 66 86 59 81 58 37 131 41 63 78 32 106 54 59 91 90
117 69 42 65 44 74 49 62 41 129 34 131 56 71 53 38 130 38 36
50 43 65 49 28 45 28 29 33 91 43 40 54 29 32 29 46 65 34
133 58 32 56 64 35 38 32 51 71 34 129 105 33 86 78 68 73 40
87 38 60 30 25 44 53 27 38 103 34 43 77 28 41 71 51 55 52
40 20 22 32 57 32 26 20 46 52 23 59 43 23 34 36 92 23 20
37 21 18 29 26 18 22 49 33 46 32 31 65 21 42 32 51 34 20
44 57 29 49 27 55 37 43 25 69 31 73 32 22 31 52 41 56 59
62 43 31 67 30 49 68 59 35 68 58 136 54 52 37 84 116 37 45
70 45 36 35 51 31 37 34 39 71 27 64 34 35 88 69 51 61 52
63 59 58 42 55 34 64 40 34 70 76 57 108 32 40 59 62 52 40
78 40 40 55 41 22 50 24 22 65 37 54 30 28 33 36 52 22 33
80 43 49 47 48 68 47 37 33 61 74 117 52 36 58 65 96 98 45
138 42 35 117 56 80 50 43 45 72 85 63 64 41 68 66 100 113 98
50 40 58 51 43 37 32 31 73 115 53 67 54 65 87 34 73 32 52
115 27 30 40 47 38 52 32 33 84 54 52 37 52 43 35 104 70 31
62 33 75 85 68 49 63 48 31 111 38 65 50 77 59 58 56 74 71
72 27 20 39 37 32 58 24 45 52 24 48 61 40 47 28 42 59 29
122 78 28 86 33 40 90 59 71 60 44 122 43 28 44 62 51 69 68
102 74 32 46 76 37 48 40 33 78 56 69 79 35 50 76 83 38 55
74 45 47 64 76 57 41 36 42 88 74 139 64 33 101 59 59 39 71
45 51 58 69 65 39 63 38 35 58 38 70 43 30 59 43 97 46 38
131 33 53 116 48 85 38 38 32 172 37 89 96 58 71 44 58 50 41
89 33 28 67 52 40 50 86 71 75 32 56 39 34 67 39 90 91 35
90 28 32 35 43 54 33 25 50 40 50 46 52 22 30 52 96 38 36
126 73 39 80 53 37 59 36 43 74 61 57 79 66 87 69 78 41 40
182 92 81 88 35 34 77 59 46 97 36 59 50 41 51 62 75 48 91
60 30 60 61 55 30 76 30 42 76 32 56 60 40 47 70 52 41 74
140 34 42 83 31 39 98 68 32 148 43 67 103 38 43 61 107 35 62
52 32 38 59 42 47 34 29 34 82 32 119 48 70 50 41 46 62 34
62 35 34 71 59 35 41 30 36 60 27 122 40 65 63 68 58 40 64
44 24 20 47 44 39 49 42 20 85 26 46 28 42 27 45 69 27 22
156 55 33 106 55 31 63 39 33 63 61 60 47 63 42 115 139 68 37
92 36 57 107 51 42 33 47 68 51 36 62 87 55 71 52 120 86 64
128 28 48 53 31 42 37 36 44 103 51 79 62 49 48 75 62 71 43
54 29 64 51 39 34 48 32 30 101 31 91 42 62 62 78 42 40 61
90 69 48 67 68 29 44 39 31 59 46 69 105 35 66 60 49 44 32
76 81 40 94 84 34 52 48 30 60 34 122 52 66 58 39 86 58 53
123 34 51 46 69 48 81 69 35 108 65 51 49 28 102 61 116 64 38
81 33 31 111 66 36 42 93 53 75 65 53 106 30 45 38 78 59 68
162 32 35 41 35 72 40 91 48 92 78 86 84 53 51 40 69 69 81
97 61 50 47 53 33 37 46 66 81 67 138 83 37 89 49 64 34 46
84 51 38 122 50 53 111 60 40 99 38 62 49 37 102 52 95 80 35
62 25 20 49 55 42 33 40 21 92 31 36 49 20 67 27 39 52 41
106 21 24 43 25 31 29 23 29 44 23 52 61 33 31 43 42 60 21
137 67 35 88 36 44 35 38 69 69 54 83 40 56 63 34 127 34 58
100 54 45 59 36 52 39 35 38 69 38 130 48 31 73 76 101 33 28
39 24 28 47 21 31 25 22 39 81 35 40 45 23 42 25 37 33 27
76 48 32 52 34 43 41 70 32 86 85 75 110 68 75 105 110 44 43
68 26 30 33 25 45 41 39 27 50 49 41 38 25 45 52 45 26 59
133 26 38 45 62 36 31 42 25 86 29 77 83 73 40 35 71 49 60
157 54 44 74 60 36 85 77 38 94 51 161 56 36 63 47 84 48 51
102 32 35 93 73 39 42 54 31 74 59 74 44 40 44 58 110 56 55
42 58 25 33 46 41 28 40 37 49 37 85 40 50 67 32 42 27 26
55 48 29 84 51 32 40 91 31 58 56 55 52 37 69 55 55 48 46
126 55 76 48 65 49 68 56 37 128 61 66 78 35 70 92 83 72 32
1 2
2 3
3 4
4 5
4 22
4 26
4 27
4 40
4 48
4 56
4 83
4 86
4 94
4 105
4 109
4 111
4 134
4 221
4 247
4 259
5 6
6 7
6 8
6 9
6 10
7 11
7 12
7 13
7 14
7 15
7 20
8 11
8 12
8 13
8 14
8 15
8 20
9 11
9 12
9 13
9 14
9 15
9 20
10 11
10 12
10 13
10 14
10 15
10 20
11 16
12 17
13 18
14 19
15 21
16 23
17 23
18 23
19 23
20 23
21 23
22 24
22 25
23 28
24 29
25 29
26 30
27 31
28 32
28 37
29 33
29 44
29 121
30 34
30 297
31 34
31 82
31 172
31 179
32 36
33 38
34 35
35 42
36 39
37 39
38 41
39 43
40 44
40 84
40 97
41 45
42 46
43 47
44 49
45 50
46 51
46 138
47 52
48 52
49 53
50 54
51 55
51 81
52 57
53 58
54 58
54 296
55 59
56 60
56 61
57 62
57 63
57 71
57 76
58 64
59 64
59 99
59 100
60 68
61 65
62 66
63 67
64 72
65 69
66 69
67 70
68 73
69 74
70 75
71 77
72 78
73 84
73 97
74 84
74 97
75 84
75 97
76 84
76 97
77 84
77 97
78 79
78 80
78 125
78 192
79 85
80 85
81 87
82 88
82 89
83 90
84 91
85 92
86 93
87 99
87 100
88 99
88 100
89 99
89 100
90 95
91 96
92 98
93 98
94 101
95 101
96 101
97 101
98 102
99 103
100 104
101 106
102 107
103 108
104 108
105 110
106 112
107 113
108 114
108 115
108 292
109 119
109 120
110 119
110 120
110 162
111 116
112 117
113 118
114 119
115 120
116 122
117 123
117 124
117 257
118 126
119 127
120 127
120 150
121 128
122 129
123 130
123 145
123 146
123 147
123 148
123 149
124 130
125 130
126 130
127 130
127 157
128 130
129 130
129 141
130 131
130 144
131 132
131 133
132 135
133 135
133 170
134 136
135 137
136 139
137 140
138 140
138 191
139 142
139 253
140 143
140 200
141 151
142 152
143 153
143 169
144 154
145 155
146 156
147 158
148 159
149 160
150 161
151 163
152 164
153 165
154 166
155 166
156 166
157 166
158 166
159 166
160 166
161 166
162 167
163 166
164 167
165 168
165 176
166 170
167 171
168 173
169 174
170 174
171 174
172 175
173 177
174 178
174 287
174 288
175 180
176 181
177 181
178 181
179 181
180 181
180 252
181 182
181 183
181 184
181 185
181 186
181 187
181 188
181 189
181 196
181 197
181 295
182 190
183 193
184 194
185 195
186 195
187 195
188 195
189 195
190 195
191 200
192 201
193 198
194 199
195 199
195 203
195 205
195 227
195 229
196 202
197 202
198 202
199 202
200 202
201 202
202 204
202 251
203 206
203 208
204 207
204 250
205 207
206 209
207 210
207 212
208 210
209 210
209 211
210 213
211 213
212 214
213 214
214 215
214 234
215 216
216 217
217 218
218 219
219 220
220 222
221 223
222 224
223 225
224 226
225 227
226 228
227 230
228 231
229 235
229 236
230 232
230 271
230 289
231 233
232 236
233 237
234 238
234 256
235 237
236 239
237 240
238 240
238 285
239 240
239 279
240 241
240 243
241 242
242 244
243 245
243 246
244 245
244 246
244 255
245 248
246 248
247 278
248 249
249 254
249 284
250 256
251 256
252 258
253 260
254 261
255 261
255 262
256 263
257 264
258 265
259 266
260 267
261 268
261 269
262 269
263 270
264 271
265 272
266 271
267 273
268 274
269 274
270 274
271 274
272 275
273 276
274 277
274 278
274 282
275 280
276 281
277 283
278 283
279 286
280 290
281 291
282 293
283 293
284 294
285 294
286 294
287 293
288 293
289 294
290 293
291 293
292 293
-1 -1
