297
51 66 47 40 41 48 50 39 43 50 29 96 56 54 85 38 65 80 58 100 52 74 58 104 85 55 33 80 48
52 85 87 69 45 69 46 58 32 63 47 83 46 117 41 77 50 41 65 120 58 51 140 58 75 155 61 118 116
33 48 54 78 60 66 36 72 43 43 38 139 56 83 48 86 48 49 50 51 63 44 60 50 44 124 28 70 65
25 56 42 24 44 33 43 60 24 29 56 98 35 79 43 38 32 47 75 41 31 30 98 63 32 81 22 69 44
46 52 34 55 70 49 50 33 39 37 63 83 27 35 37 38 26 68 58 46 35 39 43 55 36 39 44 74 64
43 48 78 76 60 70 82 34 57 69 87 109 81 98 124 51 38 110 64 57 91 94 137 98 75 96 33 56 119
46 45 70 64 70 47 51 80 33 57 55 137 82 48 113 54 62 56 88 57 48 87 67 83 45 105 72 57 140
35 78 49 65 52 37 27 21 37 34 52 60 28 28 29 30 20 32 44 51 44 22 45 83 36 36 44 49 50
22 43 55 23 40 24 50 56 22 39 23 45 37 54 25 45 19 27 71 35 33 39 52 42 40 35 29 69 44
38 64 39 34 52 44 44 40 42 57 54 53 39 58 44 43 39 38 107 77 76 30 61 85 58 45 32 32 112
53 29 35 52 62 55 52 37 39 47 31 41 55 79 35 23 36 25 71 38 44 23 45 52 54 95 31 57 35
40 47 83 74 116 73 96 48 53 40 44 102 44 44 41 78 30 40 66 87 56 33 51 110 85 98 36 45 109
32 29 51 38 32 58 31 27 21 41 57 56 46 39 43 27 39 31 33 54 74 25 32 82 73 62 50 28 75
67 49 154 42 66 46 70 59 58 126 85 110 88 111 102 47 86 82 52 70 81 60 129 102 54 124 36 49 59
34 53 78 31 59 33 88 32 40 44 30 61 47 49 44 40 45 51 84 58 40 57 52 48 101 50 46 92 63
44 56 84 34 47 31 44 26 29 46 59 50 35 85 60 49 39 59 57 55 56 30 104 70 33 60 33 44 60
24 31 44 43 58 36 32 22 36 27 44 41 54 32 24 47 21 34 54 51 73 30 69 52 28 36 28 30 65
34 48 89 32 74 54 83 32 55 61 36 149 35 44 56 43 39 49 44 97 59 45 69 88 43 81 51 53 77
55 65 46 62 86 75 50 32 32 54 30 57 97 61 99 55 68 37 119 74 57 77 68 48 103 75 33 40 95
65 43 44 37 41 30 63 49 32 44 55 56 50 74 41 35 62 56 51 46 46 58 102 62 37 69 27 58 117
24 41 75 35 48 31 55 29 43 29 40 67 47 57 33 35 21 67 69 34 65 58 57 60 27 43 25 36 59
44 82 62 68 84 80 51 69 64 64 39 85 101 136 59 65 45 70 82 90 56 84 158 64 114 93 35 50 158
76 63 76 68 48 93 90 36 39 72 33 64 80 80 68 53 39 60 45 72 44 80 87 46 95 105 32 73 74
58 42 65 45 54 41 48 28 45 82 52 68 68 46 34 39 23 63 40 50 42 43 46 71 32 40 61 41 44
66 94 43 63 85 87 38 79 56 38 61 63 75 69 66 68 66 84 82 84 95 30 49 69 40 78 46 52 72
35 40 94 23 79 64 68 24 31 38 46 46 54 61 42 26 44 28 78 66 49 66 90 36 49 62 23 59 90
47 112 76 48 69 55 65 36 47 42 54 53 33 39 74 46 28 48 87 123 55 67 82 64 48 74 57 69 71
79 41 99 38 51 54 48 54 72 49 48 96 71 44 94 69 50 90 62 61 44 43 75 62 85 91 73 42 53
38 53 104 93 61 63 56 39 60 42 42 104 45 44 47 33 61 43 55 56 44 44 57 92 40 124 29 46 56
83 49 61 39 57 56 35 33 31 86 28 67 42 75 50 80 34 82 110 58 66 51 50 54 58 57 45 47 109
31 32 46 45 30 35 86 52 29 32 39 78 63 59 31 28 22 27 32 71 53 31 48 33 83 43 55 56 46
25 49 31 29 32 32 35 18 20 30 50 50 33 32 51 23 23 27 34 40 34 24 48 51 38 57 22 38 44
31 33 42 24 57 29 82 41 32 36 25 62 57 61 47 27 24 54 84 51 46 29 54 37 38 49 22 40 99
62 96 36 28 38 26 53 41 24 46 23 106 35 44 85 26 29 46 65 49 36 43 44 41 39 105 24 48 57
63 49 82 26 76 26 69 34 29 68 32 88 49 55 36 53 27 51 51 43 43 72 48 44 38 56 27 43 80
41 34 40 57 88 34 71 25 26 50 31 95 38 46 65 48 25 84 58 55 38 54 78 44 44 41 49 40 77
35 56 86 69 84 79 90 41 31 37 46 64 35 44 43 46 49 55 55 71 38 29 59 42 60 47 45 57 79
60 59 74 45 64 36 32 35 60 61 33 60 68 60 80 42 34 29 34 62 34 32 41 45 84 68 21 48 41
66 48 42 61 41 38 43 34 48 43 41 64 26 80 75 60 38 40 34 51 62 26 38 41 60 71 35 44 60
42 46 39 54 47 70 36 28 61 51 44 95 52 65 31 38 29 57 62 40 39 32 57 60 38 39 41 46 50
35 74 51 63 33 66 37 33 32 42 31 47 49 34 72 58 49 65 53 40 85 29 62 54 37 38 26 68 53
67 60 74 77 104 63 96 40 34 53 38 69 59 59 55 84 90 47 54 117 48 59 101 85 76 64 36 123 72
33 31 67 54 29 44 74 28 53 38 36 53 60 35 37 21 41 46 54 45 35 24 38 70 71 61 41 29 66
40 121 76 71 47 65 66 99 48 99 71 127 40 76 74 82 53 66 50 76 106 63 75 55 58 158 56 43 63
94 87 83 90 118 40 106 33 47 90 46 62 36 95 111 35 63 101 63 64 60 36 107 56 57 84 47 102 57
46 84 62 26 92 31 44 26 30 36 26 99 29 81 45 26 32 41 55 49 34 35 67 60 36 46 34 39 46
52 76 104 77 87 46 62 30 29 115 66 87 42 51 54 41 31 91 45 86 42 46 54 47 83 125 66 97 64
53 59 64 49 97 38 77 59 38 83 36 126 92 88 77 42 44 82 50 99 104 40 63 77 46 89 31 65 160
38 41 43 67 82 74 57 61 38 38 41 93 30 38 48 38 57 42 63 102 73 78 108 53 46 57 42 55 83
49 116 88 35 53 34 78 62 36 76 49 90 48 50 75 68 39 38 54 63 52 36 90 113 38 94 53 40 90
90 64 89 105 68 99 55 54 35 51 67 170 56 65 83 77 62 45 80 70 118 75 125 62 70 84 40 48 116
45 91 40 49 71 51 45 39 23 47 25 65 36 71 60 72 50 78 39 61 33 60 94 47 42 45 65 37 71
46 36 45 77 38 55 67 47 29 35 27 74 32 35 32 49 40 47 38 86 38 56 56 53 40 89 25 74 72
92 80 101 66 42 39 49 55 33 48 42 86 39 44 78 70 54 79 58 62 78 41 78 47 75 141 62 52 95
78 64 65 87 52 59 67 33 32 45 39 67 52 45 106 40 40 73 49 134 54 31 71 67 106 125 30 108 84
38 93 62 44 85 51 54 33 27 50 35 77 85 37 95 64 38 34 52 72 61 47 49 97 45 79 71 79 104
72 81 108 49 63 54 50 79 89 56 88 145 99 48 45 85 78 104 51 97 48 45 113 50 55 64 49 109 76
61 62 84 73 95 92 88 79 30 49 60 157 33 50 44 48 68 77 102 62 40 57 81 43 69 126 28 48 83
34 58 39 23 33 29 37 32 23 32 21 103 27 38 31 25 32 29 29 52 50 23 40 31 34 80 19 52 57
32 58 116 55 74 34 49 68 54 38 54 121 39 74 95 47 40 66 48 73 42 66 106 91 38 79 46 36 66
64 44 78 33 36 45 30 57 29 40 22 62 34 45 76 26 47 33 35 73 53 70 46 44 30 53 50 55 109
67 74 51 41 76 74 65 33 45 62 45 164 77 109 52 51 55 58 62 65 48 74 77 72 76 78 37 42 78
31 42 70 52 63 30 77 42 44 49 69 82 50 60 46 67 32 44 52 51 46 42 40 46 77 47 25 33 41
43 87 86 41 41 27 52 23 31 43 55 43 37 37 30 37 59 29 73 41 44 30 45 60 51 46 35 47 39
73 66 61 91 60 52 41 90 33 41 36 100 96 48 65 40 40 101 62 111 54 45 65 55 66 98 29 45 53
37 63 50 63 78 45 46 53 55 73 43 96 60 87 89 36 39 40 69 58 112 36 109 66 46 52 30 81 68
44 67 70 105 52 47 88 74 39 49 39 108 63 68 48 38 34 88 112 99 68 100 110 65 116 112 36 64 108
61 51 56 72 51 63 115 47 42 100 55 113 104 68 50 51 35 46 124 79 104 39 72 50 131 88 69 59 77
55 38 59 41 56 25 38 46 49 51 28 102 33 37 60 44 25 30 52 75 68 58 40 33 86 46 20 76 45
47 61 73 28 47 65 66 32 49 45 31 64 32 36 47 66 37 33 59 89 71 27 45 42 54 62 54 45 50
69 92 89 30 34 53 44 28 55 46 39 51 34 45 50 51 21 40 41 55 50 24 38 39 48 61 61 49 58
47 60 47 40 38 61 35 51 46 82 28 48 30 38 44 43 34 77 89 68 34 65 83 60 48 65 30 48 57
57 48 38 66 52 58 46 28 32 50 51 85 50 32 35 54 21 26 35 38 48 27 51 38 30 58 46 41 40
77 120 76 41 133 71 68 68 50 51 44 64 42 56 61 42 67 56 80 79 105 51 146 59 94 102 35 85 90
43 62 47 39 40 24 28 28 35 29 21 109 36 55 36 23 59 26 48 52 38 29 33 57 37 99 22 48 37
41 88 72 47 40 51 40 42 48 56 33 139 44 107 44 75 71 39 59 88 44 31 64 56 72 64 32 36 120
37 52 119 54 101 54 76 39 31 41 33 66 48 51 47 69 58 99 115 65 47 33 67 93 56 94 29 64 59
64 67 54 72 68 69 67 54 46 72 57 77 39 60 50 48 93 61 49 135 56 46 63 87 44 105 46 110 127
79 51 85 37 56 48 66 82 66 52 68 109 35 125 81 37 35 40 74 93 109 51 88 49 117 79 55 71 63
47 51 55 51 49 64 96 52 43 55 72 64 48 127 60 47 56 92 66 139 107 45 129 55 60 95 41 106 64
26 30 41 23 37 47 51 22 54 31 37 40 44 42 32 35 30 28 37 89 35 34 36 83 40 36 29 33 42
31 37 88 57 63 52 31 31 32 71 36 47 25 43 32 38 31 43 88 49 67 23 42 50 29 48 20 67 69
46 65 48 41 69 47 47 65 50 72 71 55 34 50 36 32 38 42 84 100 44 42 99 44 43 60 40 40 99
52 54 64 42 52 112 59 53 43 121 63 98 45 81 79 105 40 59 128 61 51 42 70 83 78 67 65 96 115
66 88 51 39 68 38 93 42 40 122 52 111 63 56 51 90 95 52 100 98 60 41 90 59 79 72 35 122 70
36 39 41 63 45 42 40 27 34 47 32 98 42 69 70 39 24 39 54 44 76 43 50 75 53 61 58 38 60
74 104 47 63 45 53 88 47 38 36 27 143 37 39 45 40 31 83 42 47 60 59 71 85 40 63 30 69 45
89 44 67 50 89 42 67 39 32 76 47 94 80 122 95 35 54 70 51 60 83 36 80 53 55 77 38 85 69
39 51 52 53 126 42 48 50 34 66 30 97 35 125 51 56 42 60 90 57 74 68 53 53 78 85 67 51 83
34 41 77 33 43 23 63 23 20 30 22 79 24 37 33 55 29 54 41 67 31 21 29 30 29 47 40 26 46
46 54 94 26 35 34 58 35 55 49 23 65 29 63 46 32 27 69 42 66 83 29 42 49 65 55 23 79 48
28 30 33 21 35 32 36 52 21 30 29 48 46 44 28 29 34 55 36 43 37 28 37 30 52 52 24 39 41
39 40 39 46 44 60 74 40 27 50 56 43 44 29 33 28 21 63 65 55 43 22 34 46 74 38 24 34 58
33 75 84 40 49 52 54 43 41 64 27 73 68 99 57 42 47 51 58 89 93 34 85 77 67 48 53 45 119
46 63 90 34 38 31 34 28 51 75 73 79 33 37 45 47 33 39 94 45 81 50 46 76 37 80 24 45 46
31 66 92 28 64 47 79 51 42 35 40 121 36 44 53 37 23 76 40 46 90 51 56 65 37 64 52 44 52
23 31 36 29 37 22 39 20 21 31 23 82 27 43 66 23 19 26 32 66 42 20 37 30 69 52 32 43 49
42 105 101 71 42 92 64 43 31 48 39 68 64 81 50 51 51 57 84 69 87 46 48 63 71 139 35 113 107
34 59 52 70 93 63 60 25 35 54 31 67 78 65 55 32 30 53 38 85 56 43 41 87 55 72 23 69 51
48 39 52 48 61 63 38 35 26 38 24 96 60 40 43 52 40 69 38 43 64 33 43 50 35 44 24 49 76
42 70 36 38 70 28 42 65 30 71 34 53 41 40 36 37 55 78 49 102 36 42 39 43 56 49 26 58 37
86 84 63 66 88 77 90 70 38 73 36 118 57 52 87 67 53 81 49 80 82 67 119 107 100 70 54 63 151
42 36 33 37 43 38 46 25 26 36 42 37 29 41 35 25 40 48 33 33 32 57 54 86 41 76 28 62 50
58 51 108 41 125 58 92 44 32 50 33 127 37 66 42 71 31 51 58 130 60 86 64 68 108 111 31 110 147
38 113 67 50 54 39 96 43 43 40 65 165 73 58 52 46 34 64 95 60 47 39 52 94 109 92 38 71 105
77 57 62 33 45 87 72 43 40 62 40 74 49 82 114 37 34 47 90 155 44 43 56 97 87 65 52 74 105
38 33 93 50 32 52 48 31 30 51 24 43 35 40 85 46 34 53 65 43 37 42 88 69 36 71 21 78 59
68 92 77 47 39 38 47 56 29 79 79 76 63 105 93 68 53 52 107 50 98 45 98 84 36 75 26 43 51
70 96 113 62 56 34 37 51 33 63 31 106 60 104 65 84 54 41 55 111 50 66 82 64 38 61 76 38 84
44 49 73 39 50 98 45 74 38 65 38 176 53 69 61 92 40 53 98 64 54 72 112 58 63 151 46 58 116
58 63 57 41 43 35 99 32 75 77 38 76 33 85 89 36 41 39 93 47 67 34 43 58 74 64 25 47 127
101 52 88 48 70 39 52 40 58 60 39 144 50 60 47 57 34 52 73 159 72 91 68 53 53 63 61 68 121
30 70 44 26 45 37 35 27 31 55 37 67 42 39 41 44 39 50 57 52 65 27 99 41 33 40 35 32 56
28 40 49 26 36 59 33 63 27 73 28 51 28 52 35 39 38 52 49 84 33 51 47 54 64 51 27 37 45
47 82 105 62 57 95 86 50 89 72 94 163 116 124 45 66 50 85 77 166 108 62 94 130 105 99 43 48 129
27 28 50 20 38 22 66 19 30 29 23 46 57 31 25 37 28 25 44 48 50 42 33 36 44 34 21 25 36
36 31 45 23 28 35 68 49 28 52 28 85 26 54 33 56 22 26 60 31 46 22 71 42 45 41 38 26 78
70 54 52 40 55 60 52 54 77 96 60 65 42 68 98 55 41 76 61 120 53 87 73 81 69 85 69 65 129
62 37 44 23 33 25 36 38 26 64 29 51 31 31 60 24 20 37 78 86 32 50 41 83 28 41 30 60 50
29 53 36 37 39 48 71 37 35 34 23 47 27 54 81 28 27 81 35 50 48 67 100 43 45 71 58 32 52
99 48 64 46 57 32 80 32 28 41 37 103 38 60 37 37 62 62 42 99 78 69 120 102 47 72 29 54 85
36 53 33 27 64 34 44 31 30 68 41 100 28 60 72 30 53 35 80 47 31 26 68 38 29 41 52 60 95
86 115 56 70 135 40 78 80 40 91 43 182 51 126 56 45 68 92 70 57 102 44 107 87 66 66 34 54 72
33 89 41 27 32 58 36 47 24 63 28 55 59 47 64 49 25 37 48 52 70 34 37 34 50 77 38 82 59
50 67 105 36 47 76 53 40 76 65 53 99 53 56 53 44 51 81 93 55 61 70 64 95 44 59 55 70 69
39 42 85 52 59 93 63 34 42 93 36 57 87 86 45 39 29 83 55 64 92 44 109 60 66 81 38 66 59
35 60 46 80 83 43 39 69 78 64 34 89 67 60 53 36 28 94 50 60 41 47 57 46 74 86 29 75 81
45 66 61 27 52 38 59 31 58 37 53 49 28 78 29 35 46 28 35 37 32 44 44 50 35 48 22 29 65
33 66 49 49 36 28 74 69 61 51 27 55 30 82 57 29 56 41 94 43 42 33 41 75 49 47 34 57 60
45 86 66 25 34 26 44 26 24 29 33 43 65 57 52 48 25 55 65 38 33 27 36 78 50 87 38 32 80
35 42 52 42 100 56 80 46 43 56 53 130 88 106 38 61 30 52 119 109 64 58 113 89 43 48 35 40 52
57 60 54 43 72 63 65 61 78 63 50 126 92 64 75 39 32 50 79 59 51 47 84 56 48 154 30 86 54
48 41 96 25 38 32 40 25 40 43 30 46 57 52 44 31 24 65 97 45 41 33 56 44 68 81 22 40 48
37 70 55 40 64 41 50 64 29 39 76 62 64 39 55 45 34 59 47 76 47 43 117 56 69 123 47 103 117
50 53 44 32 80 49 68 32 78 44 31 88 47 45 56 40 29 50 82 52 66 42 76 90 47 58 37 46 143
55 56 54 27 75 44 67 30 52 29 37 103 32 54 48 26 25 39 35 81 65 58 56 38 48 43 39 54 55
37 81 45 75 81 75 38 62 29 46 37 56 68 76 40 32 26 39 113 69 47 48 46 72 72 46 56 76 60
45 104 62 48 106 81 78 37 74 42 59 85 68 44 40 60 62 55 47 69 49 50 89 53 47 90 54 49 61
39 47 54 52 61 101 69 40 47 70 96 62 48 47 47 68 86 52 111 105 113 44 112 77 57 63 41 85 85
46 78 44 66 43 34 70 39 39 54 33 53 40 33 80 30 25 67 50 43 92 30 47 53 32 43 22 85 43
24 31 66 45 26 53 26 20 23 50 29 38 42 28 32 21 24 35 31 33 40 37 31 29 28 32 40 25 32
47 74 40 54 88 30 71 50 31 47 39 49 41 100 58 51 62 95 52 49 79 78 42 66 53 82 45 55 53
49 70 146 93 50 47 75 40 52 78 37 180 49 53 105 64 39 77 145 74 51 50 85 63 64 118 54 75 78
28 81 70 40 46 26 78 22 34 29 49 40 35 59 30 35 32 60 79 44 29 24 90 57 38 61 26 43 39
44 40 88 72 46 43 68 31 42 55 79 78 61 88 48 35 37 51 49 63 55 53 120 107 40 58 42 52 97
34 67 83 39 62 37 49 32 47 72 42 59 45 108 41 33 37 73 81 57 41 37 70 114 106 81 78 43 51
48 39 40 28 74 75 57 24 24 31 38 58 45 90 41 32 55 31 51 79 36 39 55 48 43 76 42 45 48
38 126 80 55 127 42 48 82 37 56 36 92 75 58 87 37 45 99 48 114 86 73 98 52 51 51 54 54 58
29 79 68 38 32 38 30 34 28 49 33 88 40 35 29 32 39 40 48 46 65 34 55 95 48 42 24 36 72
42 101 93 63 48 40 35 62 31 56 31 109 32 54 54 43 34 42 72 51 66 55 106 43 38 100 30 51 50
23 62 74 34 39 23 28 48 24 39 29 44 42 35 29 40 51 38 72 79 57 46 38 51 41 41 33 55 47
79 61 55 52 116 41 87 57 35 89 37 70 50 125 43 77 44 42 79 58 64 72 60 53 104 105 34 50 116
43 59 144 43 114 63 85 54 42 116 59 92 46 91 65 49 99 124 58 116 103 44 67 135 60 73 42 48 157
51 65 95 47 33 64 74 58 29 68 32 66 42 33 50 31 40 34 48 43 49 27 44 39 39 40 31 34 75
28 76 79 49 73 64 70 61 45 65 29 63 35 42 38 48 62 36 49 38 40 29 83 37 68 54 47 68 49
33 35 43 27 51 67 33 49 56 39 32 101 37 32 34 58 49 39 65 67 35 52 43 34 40 38 22 36 50
51 112 118 34 78 83 57 33 39 42 68 143 48 69 77 41 40 54 50 67 45 69 58 71 112 57 60 52 58
37 99 48 68 109 86 52 75 85 48 62 88 60 59 83 39 48 51 87 133 61 34 130 67 43 100 71 89 79
66 35 41 21 27 30 42 27 28 29 31 39 55 41 40 24 52 24 33 35 75 25 71 41 43 67 20 40 81
62 54 63 45 62 70 72 94 61 98 47 78 61 134 55 44 42 53 102 94 75 75 136 95 46 77 56 53 152
51 92 130 65 50 40 86 58 36 112 41 77 47 116 81 91 41 96 55 62 96 37 136 74 90 77 45 64 98
52 54 50 35 56 42 69 43 34 44 59 153 49 90 52 90 35 65 96 61 73 39 51 108 62 67 35 116 62
40 103 95 56 56 35 40 71 75 85 40 109 96 76 40 45 30 76 90 142 110 54 91 46 53 65 63 49 146
68 32 89 50 33 28 32 29 27 29 23 51 56 83 44 33 46 33 36 74 72 56 94 75 49 37 55 28 53
64 66 77 62 60 38 121 53 34 45 35 76 42 64 47 45 42 44 57 111 46 95 61 86 53 61 50 95 105
47 72 67 38 49 35 33 25 24 43 28 100 62 68 35 65 40 60 93 66 58 67 60 67 91 95 41 32 96
48 41 59 63 95 52 49 55 38 34 25 62 55 84 73 29 43 36 102 126 65 48 42 46 58 70 31 50 44
45 70 83 57 74 71 45 36 35 47 55 141 40 53 73 53 61 67 93 67 56 49 69 55 63 145 57 50 109
35 93 46 32 83 36 48 48 50 93 36 112 47 78 68 68 30 44 45 85 62 67 53 55 64 138 42 52 89
54 56 153 47 51 109 76 39 43 86 64 67 72 123 68 105 64 47 59 60 81 90 58 62 83 68 79 48 98
68 75 60 46 68 77 79 41 68 94 70 78 98 54 97 36 70 48 103 125 94 59 53 52 46 53 33 94 69
52 76 54 30 57 59 97 35 28 62 26 98 49 49 87 41 53 55 58 65 48 65 54 53 36 63 34 40 67
43 54 119 33 127 43 62 50 31 66 32 65 41 49 69 34 33 56 80 56 90 54 73 122 47 136 69 61 111
52 39 59 65 83 26 36 26 29 30 25 120 49 72 39 30 62 35 96 61 90 28 44 44 45 38 25 50 41
82 49 58 37 36 33 31 25 29 45 27 53 32 94 67 37 35 56 51 58 49 69 40 58 85 40 31 84 65
42 38 31 23 51 25 72 52 19 29 21 47 41 28 29 25 37 34 53 57 36 27 66 83 25 39 30 60 36
40 31 35 65 47 23 48 33 45 48 32 40 34 29 28 49 26 70 42 47 35 24 46 36 34 37 24 64 79
80 55 55 65 80 46 81 48 50 46 49 83 86 105 45 58 55 60 72 96 71 67 115 60 45 111 31 53 81
35 94 55 70 50 44 76 53 50 61 28 57 33 58 63 72 42 51 59 54 76 39 119 76 49 51 64 58 54
27 34 79 38 62 32 68 36 22 30 45 60 35 56 67 34 40 26 83 40 30 22 33 34 52 52 25 27 48
38 59 102 47 95 52 59 39 73 49 83 84 67 49 71 51 60 103 62 51 42 49 79 86 54 51 38 39 53
36 93 38 45 39 50 83 39 29 74 35 68 44 35 45 34 34 32 65 72 76 30 44 66 65 43 30 51 40
33 49 57 48 64 46 55 33 33 98 50 63 30 39 37 43 28 81 51 79 48 33 68 41 36 89 68 34 54
107 89 54 39 90 84 90 35 38 65 55 154 51 61 66 38 46 71 51 68 63 45 65 68 61 64 54 84 72
34 38 37 43 65 42 39 19 35 59 31 73 43 70 32 28 24 66 29 48 65 34 71 49 27 45 28 48 76
65 99 55 107 62 72 129 47 52 74 98 150 58 53 122 41 70 54 70 82 77 40 134 143 73 88 87 127 109
43 59 42 31 37 32 48 51 30 30 28 50 42 35 37 38 49 44 67 48 78 30 95 42 82 69 42 48 94
41 37 90 45 75 53 36 22 55 39 24 74 29 31 28 26 21 42 53 50 45 43 53 36 37 41 21 42 73
36 61 91 46 78 56 49 25 28 52 42 43 38 52 46 36 21 34 33 94 34 45 95 96 36 40 36 32 47
70 57 56 27 39 56 43 60 29 40 31 61 31 47 37 40 29 32 42 61 50 30 109 42 41 111 24 50 68
53 68 45 48 76 76 77 34 41 45 43 95 36 48 74 37 74 42 90 55 100 40 108 57 58 52 55 45 59
37 110 130 93 46 42 44 57 49 96 61 110 44 74 43 41 37 44 60 133 65 85 94 50 89 106 32 61 81
70 57 75 44 67 45 60 40 37 56 77 125 60 70 105 90 34 118 99 78 80 50 76 75 97 121 38 80 99
100 70 100 60 134 44 57 74 97 49 97 70 41 94 54 41 57 93 77 63 53 53 148 104 53 80 36 62 102
26 78 34 26 78 31 53 55 32 50 22 66 26 63 30 27 38 42 71 52 40 33 43 34 43 46 37 31 49
57 45 43 26 97 45 58 47 52 46 67 51 30 86 34 64 32 30 54 108 58 30 64 72 69 58 38 43 42
30 48 52 26 38 53 61 24 68 43 50 69 51 51 36 39 41 43 84 100 47 64 76 42 54 104 25 54 89
33 44 80 39 39 55 36 31 28 53 49 126 47 43 61 38 37 34 73 45 39 27 83 105 36 51 42 56 64
39 102 104 55 68 43 58 89 50 49 50 103 89 64 46 58 43 49 129 62 88 82 75 79 41 118 52 41 83
64 80 74 35 43 36 46 84 36 50 33 67 40 40 40 88 32 60 47 94 50 88 68 60 40 104 51 39 59
36 32 43 50 37 43 27 54 46 64 42 90 24 26 49 24 21 38 70 41 72 21 59 38 32 54 37 38 42
45 50 79 57 85 38 53 49 64 42 83 79 104 106 43 48 43 63 78 115 46 87 58 55 70 66 36 56 79
24 53 36 47 28 43 33 20 21 50 30 60 60 33 29 24 21 25 81 91 70 25 78 51 73 46 22 25 47
47 76 57 75 42 33 67 88 81 44 86 70 46 50 57 37 33 50 94 60 44 44 134 92 54 85 30 39 75
38 39 50 31 97 83 39 30 44 60 77 118 42 46 45 38 39 94 46 82 40 52 46 69 87 73 47 55 110
53 113 55 88 51 33 56 35 44 43 47 93 48 73 49 78 42 68 106 129 67 55 71 97 98 47 27 99 77
101 80 63 83 78 60 88 38 42 93 39 163 40 64 60 74 50 116 84 87 49 52 88 79 65 99 47 61 138
40 104 77 46 92 44 100 52 39 65 51 105 77 60 50 76 39 58 69 72 50 36 107 89 69 62 59 60 81
39 54 108 44 54 74 74 65 33 66 48 79 60 57 111 44 71 48 55 71 49 60 148 53 74 55 90 80 126
50 81 55 25 36 42 60 36 27 30 34 98 56 33 36 28 24 33 33 99 35 33 76 42 78 75 26 50 109
28 65 45 22 30 26 30 28 21 30 28 88 34 37 34 32 36 24 44 34 46 27 36 51 60 68 21 45 60
29 80 31 39 45 26 53 36 32 37 35 38 48 38 25 39 21 32 41 73 31 21 37 46 53 56 43 39 63
59 33 52 38 49 28 42 25 26 72 26 93 31 33 36 47 30 83 75 89 36 41 72 40 89 47 32 41 53
57 108 52 55 94 57 52 71 50 59 37 83 70 70 73 104 35 116 51 110 82 83 114 54 78 96 59 96 117
25 38 89 36 43 30 36 32 45 35 23 97 41 33 28 51 37 62 54 38 80 30 50 68 39 81 21 38 71
50 50 103 43 75 45 105 72 42 106 60 71 43 132 100 39 41 66 55 155 53 56 95 76 50 73 77 117 67
39 95 50 87 44 42 108 60 31 48 34 98 35 44 86 34 28 80 54 142 113 51 75 125 112 91 28 88 58
91 45 48 63 59 79 51 46 75 52 49 57 52 37 46 55 57 33 45 50 49 36 68 83 55 50 42 84 125
46 36 80 23 28 61 40 27 50 28 22 48 27 62 27 49 31 37 68 39 36 41 91 32 44 80 24 38 50
29 36 43 57 34 37 54 34 28 35 57 106 41 37 31 38 30 47 42 66 28 26 48 36 33 73 24 51 45
100 45 55 32 67 62 59 53 77 53 79 70 53 46 94 69 83 87 63 51 55 49 114 53 46 98 61 107 116
69 58 57 46 75 79 102 51 70 95 54 83 45 100 73 85 60 60 83 113 76 68 80 111 83 118 51 75 108
79 46 48 45 64 78 81 74 31 52 76 63 48 44 63 78 40 55 94 56 45 65 64 113 49 97 53 85 79
45 78 89 57 56 40 45 74 60 100 50 93 42 46 93 52 42 39 45 109 74 77 57 73 69 105 52 58 89
47 65 101 38 62 39 58 89 81 54 54 136 50 64 119 38 71 55 94 59 90 35 94 55 53 103 36 48 128
26 67 87 25 50 38 55 27 43 67 25 58 30 75 44 59 27 70 36 79 58 66 51 36 77 49 28 29 42
39 32 51 27 58 26 66 40 24 58 26 51 35 31 79 33 46 80 33 49 39 42 40 41 48 40 24 41 103
33 105 51 53 47 62 66 84 38 59 47 82 36 96 39 37 40 49 42 62 95 53 121 53 67 65 77 50 97
57 48 49 38 69 59 111 58 48 49 50 72 65 110 118 93 38 53 47 59 74 59 75 81 63 102 32 44 70
48 90 56 43 52 38 55 41 67 65 58 182 97 73 83 76 44 46 55 62 128 45 135 52 67 58 33 61 90
37 85 42 31 42 39 39 48 80 43 35 70 44 45 42 80 31 70 100 76 43 33 73 59 42 46 28 36 128
86 56 72 35 54 65 82 60 32 45 33 90 37 79 39 63 29 52 83 144 46 37 56 74 42 67 31 55 51
90 63 98 39 54 38 82 41 36 50 33 133 50 56 49 54 36 48 59 62 94 34 74 89 55 114 40 64 133
44 76 142 44 47 41 78 34 53 104 90 75 82 131 68 99 36 110 59 73 73 100 85 81 81 77 66 45 58
88 118 107 43 81 39 46 36 55 88 61 165 73 72 50 46 72 79 91 97 63 63 82 75 65 92 32 115 130
61 45 41 53 76 38 27 32 21 60 20 74 35 40 29 37 23 47 32 47 58 23 46 34 33 33 33 44 46
74 55 127 47 57 68 86 46 39 92 67 69 91 46 105 55 44 69 141 151 66 39 156 63 49 55 37 50 106
42 97 63 59 37 63 38 69 27 91 27 51 39 47 47 33 28 40 92 75 60 37 54 65 50 42 65 39 56
39 70 55 39 103 42 86 40 29 50 43 81 57 40 44 55 33 87 106 120 48 46 63 43 76 57 46 36 81
60 73 71 74 61 64 112 37 65 58 47 85 97 72 53 51 45 56 54 167 74 62 70 53 108 60 77 45 67
28 29 37 49 41 44 53 25 38 37 39 38 50 35 37 27 26 70 86 41 36 51 52 74 60 57 30 66 81
36 47 58 41 44 62 104 34 46 35 69 132 45 43 47 66 48 43 44 48 95 62 113 41 91 122 50 83 130
87 54 51 53 114 43 67 74 43 41 56 67 102 43 45 47 55 64 47 70 48 89 117 110 70 124 45 105 89
31 69 50 58 36 30 45 29 46 33 36 40 28 68 32 46 39 30 54 46 69 25 46 40 72 41 20 46 60
77 65 113 45 93 62 76 80 91 53 50 67 56 108 86 101 59 55 56 90 83 64 68 62 123 63 41 55 62
35 56 93 61 49 40 48 31 28 59 35 71 50 87 66 37 28 98 62 60 62 44 51 82 63 61 28 38 122
66 103 60 37 120 38 64 52 52 93 45 60 55 89 46 91 47 55 52 72 88 50 92 48 112 141 49 39 79
51 50 63 38 66 47 35 54 38 53 71 50 44 43 78 34 26 35 40 102 94 31 78 66 63 54 40 44 61
28 29 49 33 60 23 36 25 26 49 34 83 37 48 33 25 26 33 29 40 47 42 30 41 30 31 21 46 34
64 57 82 62 67 58 63 45 68 48 56 177 40 49 56 50 84 55 75 170 120 64 92 90 51 109 44 105 167
35 65 71 34 61 50 95 30 49 105 55 128 50 71 49 80 40 101 78 64 94 72 68 52 43 61 47 53 71
76 83 93 58 52 83 59 38 34 74 44 125 93 52 51 52 90 54 51 64 53 44 97 53 66 84 52 45 104
54 50 52 45 65 63 96 46 38 80 46 57 73 70 46 41 46 63 59 81 73 46 79 56 44 51 36 75 60
67 51 50 30 45 29 48 74 28 54 73 65 69 90 32 41 26 60 38 48 44 37 66 66 72 99 59 36 71
32 55 93 30 60 61 46 52 28 47 37 84 50 82 63 60 26 51 49 47 48 45 43 75 51 98 47 36 56
60 61 49 35 98 41 52 47 70 44 57 131 84 109 43 43 45 55 60 74 90 82 99 78 92 74 38 89 55
71 118 104 38 87 94 120 43 83 63 37 71 49 87 86 44 48 48 68 83 66 43 63 57 65 72 49 63 95
45 111 120 60 56 56 52 45 44 121 68 94 58 69 107 40 49 71 103 103 101 42 77 54 86 69 47 51 178
36 64 76 28 36 49 68 37 25 74 28 60 79 47 35 35 29 65 46 109 41 44 45 56 37 43 25 76 127
52 70 86 54 36 28 43 24 38 77 42 62 26 50 42 37 44 67 76 42 34 26 40 64 51 37 23 39 43
28 49 63 51 42 35 40 58 36 33 28 53 29 51 51 31 44 43 37 38 66 27 44 46 32 37 31 29 108
36 48 32 21 33 25 31 21 28 43 27 38 38 35 35 37 43 27 45 91 34 33 38 38 26 68 36 73 62
67 44 52 39 56 53 49 36 81 52 39 64 43 66 43 31 46 101 100 141 55 36 57 103 50 55 27 46 62
60 53 62 40 88 38 45 40 82 51 64 75 97 62 120 51 60 71 77 83 80 76 148 62 118 77 67 117 150
44 126 72 64 140 101 72 39 52 77 74 85 48 58 120 69 89 77 71 99 101 78 94 57 73 66 85 52 88
38 35 67 39 53 31 40 42 52 53 39 48 34 35 35 39 27 40 92 68 39 58 72 42 38 69 42 45 56
102 100 58 38 94 58 62 47 45 137 77 147 90 75 48 51 37 58 137 69 53 59 65 64 63 78 89 58 123
67 47 39 25 37 37 29 44 21 26 46 70 22 51 40 24 33 28 63 46 28 34 69 63 35 62 23 31 35
34 73 81 66 64 44 46 24 44 51 33 50 26 31 47 50 53 31 38 98 31 44 65 40 39 91 21 76 50
47 89 42 28 40 31 54 29 38 45 54 96 44 41 47 42 33 79 34 89 80 36 37 42 35 63 37 48 79
107 108 47 41 78 88 65 47 48 44 85 68 61 113 88 40 62 53 100 61 102 52 59 64 106 94 32 53 88
44 49 84 54 54 41 44 48 40 39 32 63 97 67 69 48 41 38 48 87 45 44 97 49 43 85 35 50 56
79 62 60 44 85 57 67 79 64 57 69 64 64 73 45 95 47 95 60 130 72 98 97 108 47 55 55 78 112
62 116 103 70 114 58 71 78 62 85 31 85 66 50 54 37 77 38 56 52 114 49 73 95 86 52 43 42 79
34 53 49 62 40 84 47 44 38 87 44 51 51 57 86 42 30 39 102 47 56 60 57 104 49 54 71 79 50
39 45 57 37 54 99 43 36 42 60 70 86 41 82 45 43 42 62 55 60 46 62 85 72 49 67 67 43 85
47 60 45 35 56 55 46 62 45 38 60 51 61 37 37 32 65 35 44 96 40 31 44 91 59 86 45 78 64
42 53 44 52 53 60 54 38 38 39 27 51 28 32 67 26 22 37 46 55 45 32 102 45 34 80 36 78 82
55 59 60 33 38 42 46 27 72 68 51 83 42 45 58 30 42 37 53 104 40 49 41 54 40 63 29 36 87
28 57 37 27 31 34 48 26 60 44 42 47 42 40 36 23 25 51 43 76 46 28 42 41 52 82 21 29 46
61 69 53 24 36 59 42 24 34 74 25 41 28 44 30 51 47 41 39 41 48 52 91 42 40 59 48 43 87
34 37 101 30 43 58 38 53 48 51 29 74 63 56 74 43 39 49 102 119 62 43 68 45 38 65 44 68 55
47 52 67 41 67 93 78 39 58 48 55 180 67 70 48 50 34 83 73 58 52 42 86 66 96 104 60 62 66
61 80 88 48 85 46 57 71 41 102 50 107 46 50 47 52 44 82 63 66 53 57 123 75 47 67 36 47 71
34 39 95 73 60 34 57 37 26 60 69 81 28 35 89 39 53 30 63 114 69 64 91 96 67 66 36 49 63
74 61 104 28 83 51 58 52 32 69 69 127 72 63 60 34 45 69 43 47 50 29 43 40 54 46 35 56 69
22 47 40 43 68 30 30 23 30 26 19 46 52 37 27 26 19 35 32 32 29 28 43 48 47 48 30 34 53
43 34 68 28 32 25 47 65 35 34 34 44 66 32 42 41 40 27 38 44 52 42 35 38 77 53 61 63 38
105 54 71 45 48 39 59 59 34 78 49 97 47 117 85 52 59 52 146 73 49 53 118 141 128 71 60 130 113
31 66 35 43 67 26 47 33 56 31 42 44 43 34 32 53 54 33 68 89 70 34 41 57 59 40 39 40 76
53 57 105 31 39 82 70 63 34 50 28 82 63 96 50 71 34 84 44 54 50 29 43 71 75 49 32 44 48
28 70 80 36 76 40 58 28 52 36 25 64 25 31 25 32 22 32 76 62 59 49 80 37 25 73 37 31 39
52 56 61 87 56 66 66 47 67 83 77 64 51 118 78 39 63 40 47 55 107 39 88 82 57 56 36 73 65
71 100 97 33 86 50 82 44 60 40 83 61 52 57 69 61 47 80 43 53 47 32 59 87 53 79 54 59 80
52 51 73 37 41 59 37 22 25 41 31 77 36 47 39 55 24 28 35 68 38 66 96 48 33 73 26 46 58
70 66 69 32 43 64 68 42 65 44 41 70 31 68 42 42 31 56 90 89 41 39 53 55 83 118 65 53 45
48 66 136 57 70 51 57 83 37 51 41 83 55 59 59 98 36 46 63 106 80 79 87 73 54 140 45 64 59
1 2
2 3
3 4
4 5
4 22
4 26
4 27
4 40
4 48
4 56
4 83
4 86
4 94
4 105
4 109
4 111
4 134
4 221
4 247
4 259
5 6
6 7
6 8
6 9
6 10
7 11
7 12
7 13
7 14
7 15
7 20
8 11
8 12
8 13
8 14
8 15
8 20
9 11
9 12
9 13
9 14
9 15
9 20
10 11
10 12
10 13
10 14
10 15
10 20
11 16
12 17
13 18
14 19
15 21
16 23
17 23
18 23
19 23
20 23
21 23
22 24
22 25
23 28
24 29
25 29
26 30
27 31
28 32
28 37
29 33
29 44
29 121
30 34
30 297
31 34
31 82
31 172
31 179
32 36
33 38
34 35
35 42
36 39
37 39
38 41
39 43
40 44
40 84
40 97
41 45
42 46
43 47
44 49
45 50
46 51
46 138
47 52
48 52
49 53
50 54
51 55
51 81
52 57
53 58
54 58
54 296
55 59
56 60
56 61
57 62
57 63
57 71
57 76
58 64
59 64
59 99
59 100
60 68
61 65
62 66
63 67
64 72
65 69
66 69
67 70
68 73
69 74
70 75
71 77
72 78
73 84
73 97
74 84
74 97
75 84
75 97
76 84
76 97
77 84
77 97
78 79
78 80
78 125
78 192
79 85
80 85
81 87
82 88
82 89
83 90
84 91
85 92
86 93
87 99
87 100
88 99
88 100
89 99
89 100
90 95
91 96
92 98
93 98
94 101
95 101
96 101
97 101
98 102
99 103
100 104
101 106
102 107
103 108
104 108
105 110
106 112
107 113
108 114
108 115
108 292
109 119
109 120
110 119
110 120
110 162
111 116
112 117
113 118
114 119
115 120
116 122
117 123
117 124
117 257
118 126
119 127
120 127
120 150
121 128
122 129
123 130
123 145
123 146
123 147
123 148
123 149
124 130
125 130
126 130
127 130
127 157
128 130
129 130
129 141
130 131
130 144
131 132
131 133
132 135
133 135
133 170
134 136
135 137
136 139
137 140
138 140
138 191
139 142
139 253
140 143
140 200
141 151
142 152
143 153
143 169
144 154
145 155
146 156
147 158
148 159
149 160
150 161
151 163
152 164
153 165
154 166
155 166
156 166
157 166
158 166
159 166
160 166
161 166
162 167
163 166
164 167
165 168
165 176
166 170
167 171
168 173
169 174
170 174
171 174
172 175
173 177
174 178
174 287
174 288
175 180
176 181
177 181
178 181
179 181
180 181
180 252
181 182
181 183
181 184
181 185
181 186
181 187
181 188
181 189
181 196
181 197
181 295
182 190
183 193
184 194
185 195
186 195
187 195
188 195
189 195
190 195
191 200
192 201
193 198
194 199
195 199
195 203
195 205
195 227
195 229
196 202
197 202
198 202
199 202
200 202
201 202
202 204
202 251
203 206
203 208
204 207
204 250
205 207
206 209
207 210
207 212
208 210
209 210
209 211
210 213
211 213
212 214
213 214
214 215
214 234
215 216
216 217
217 218
218 219
219 220
220 222
221 223
222 224
223 225
224 226
225 227
226 228
227 230
228 231
229 235
229 236
230 232
230 271
230 289
231 233
232 236
233 237
234 238
234 256
235 237
236 239
237 240
238 240
238 285
239 240
239 279
240 241
240 243
241 242
242 244
243 245
243 246
244 245
244 246
244 255
245 248
246 248
247 278
248 249
249 254
249 284
250 256
251 256
252 258
253 260
254 261
255 261
255 262
256 263
257 264
258 265
259 266
260 267
261 268
261 269
262 269
263 270
264 271
265 272
266 271
267 273
268 274
269 274
270 274
271 274
272 275
273 276
274 277
274 278
274 282
275 280
276 281
277 283
278 283
279 286
280 290
281 291
282 293
283 293
284 294
285 294
286 294
287 293
288 293
289 294
290 293
291 293
292 293
-1 -1
