297
107 61 45 68 40 60 67 50 38 39 36 29 33 53 54 36 58 100 63 29 38 42 62 65 83 39 36 37 46 63 42 34 37 67 30 44 90 60 41 50 91 26 75 41 35 39 58 31 31 43
42 45 31 48 35 32 33 60 37 48 38 31 61 67 25 39 65 65 44 47 42 34 30 25 37 78 39 47 38 72 38 33 28 32 27 46 34 58 41 24 65 45 33 28 64 78 100 52 25 45
69 97 51 58 56 77 68 69 70 66 62 77 38 94 72 121 49 163 66 46 49 70 55 39 63 78 138 48 56 96 58 106 55 81 89 101 63 42 57 44 57 60 71 84 53 65 67 119 51 68
109 68 104 48 69 38 55 138 45 88 78 73 45 65 68 87 48 94 90 37 71 69 58 42 50 63 90 67 45 114 43 88 68 85 70 119 56 44 107 34 129 37 51 59 34 45 54 45 33 69
79 63 44 41 80 28 49 48 38 91 28 38 30 66 46 49 40 110 57 53 50 50 48 29 57 43 52 73 76 66 45 66 33 104 90 88 48 77 39 51 92 48 91 32 29 93 76 41 55 82
65 69 46 47 65 50 112 90 65 103 36 59 82 155 37 94 83 89 126 53 96 104 48 35 125 56 72 92 52 58 65 51 57 41 54 60 73 71 37 83 129 53 60 50 61 80 147 61 34 63
92 61 107 56 52 47 46 102 31 126 49 33 49 100 50 49 39 60 58 36 50 65 42 35 74 76 49 37 84 61 97 48 56 41 40 76 44 34 40 64 100 34 86 40 31 114 78 55 38 60
63 65 54 68 80 82 55 79 43 112 75 85 39 110 72 53 93 103 63 42 77 75 65 38 46 98 82 38 54 120 117 57 41 48 56 60 81 39 42 75 108 70 66 40 41 52 58 81 64 102
62 122 51 30 46 64 39 61 29 48 31 31 35 65 31 51 72 61 37 24 58 73 91 47 46 41 46 41 50 67 45 42 27 79 45 46 40 47 34 65 64 49 59 50 54 98 51 62 40 69
51 52 89 26 43 49 48 81 27 49 25 35 69 72 54 83 40 42 74 28 36 82 37 24 46 50 91 40 38 53 30 31 41 81 28 61 34 50 68 49 71 24 57 41 62 38 92 44 52 45
136 54 42 39 80 79 123 54 32 59 32 32 32 95 36 52 45 125 79 30 38 48 81 37 49 62 99 37 50 117 46 58 65 73 46 100 88 36 79 59 89 46 53 55 33 97 71 62 37 68
137 60 60 39 64 44 69 82 38 85 73 44 31 113 64 42 41 55 48 53 79 44 42 34 39 62 78 50 64 50 71 53 35 39 37 60 106 32 72 73 47 60 39 38 33 49 52 91 50 66
51 102 52 39 29 38 41 58 57 48 24 31 31 72 40 39 32 89 66 28 43 53 38 24 77 33 89 44 39 105 31 32 37 89 37 99 45 33 32 34 45 30 40 40 26 54 46 39 33 45
37 76 60 26 43 25 39 53 52 29 31 31 37 40 33 43 46 30 62 33 27 28 55 31 39 53 33 41 40 41 26 30 24 50 29 36 37 31 29 28 31 28 28 35 45 34 39 29 28 43
74 56 76 57 57 41 49 70 60 57 37 66 51 57 85 56 44 102 81 47 38 114 41 36 48 51 56 58 111 57 40 44 67 64 36 79 63 38 35 48 65 35 72 88 83 45 91 42 62 97
133 77 89 74 58 72 60 161 57 63 90 96 39 153 115 83 131 68 76 84 49 54 78 82 85 74 78 109 54 68 62 49 42 106 43 70 53 69 48 92 73 36 91 46 42 81 87 102 37 55
151 163 56 83 43 91 120 79 67 55 88 42 49 148 51 54 101 115 87 40 61 66 85 61 55 53 56 56 60 109 67 52 37 81 107 163 91 57 60 65 60 34 138 49 72 80 57 59 41 45
131 100 54 62 67 37 76 69 45 130 38 56 87 107 90 139 75 141 77 43 50 72 47 90 76 108 53 100 106 96 75 78 80 83 64 79 119 97 116 47 51 47 100 98 48 52 58 63 70 79
90 74 87 38 66 70 100 173 47 140 79 35 59 117 44 60 97 154 55 47 48 75 70 40 98 149 60 76 47 87 69 54 52 111 70 68 127 81 50 37 50 93 108 103 63 49 118 82 94 123
48 42 73 48 58 29 35 85 41 88 24 43 25 43 34 77 67 55 82 32 69 88 29 68 84 59 38 31 64 56 37 40 69 36 27 41 59 34 29 42 93 36 77 27 64 55 40 52 30 73
60 58 42 40 68 33 52 57 31 69 65 35 65 101 51 63 104 50 104 34 73 50 70 40 42 65 51 38 49 96 44 86 38 37 48 87 47 50 44 40 50 54 101 52 53 95 45 58 29 53
58 64 72 38 61 52 55 67 52 51 38 42 79 102 46 87 47 73 106 31 53 57 43 42 51 88 43 43 79 147 55 105 76 70 50 91 51 80 49 29 62 69 66 37 37 87 50 54 41 60
65 60 38 68 88 48 66 55 59 71 66 30 48 58 38 45 60 101 56 34 40 69 32 30 92 99 38 47 34 62 40 36 38 46 75 42 61 43 30 40 41 27 39 37 26 71 98 35 25 37
51 120 56 46 60 37 43 41 38 67 41 25 36 62 49 61 54 75 75 34 64 55 34 28 73 76 98 45 40 70 35 56 41 83 42 48 51 28 37 32 57 32 84 29 47 46 57 77 23 37
88 64 53 26 48 20 68 52 22 39 40 22 36 47 37 31 27 88 39 50 67 28 47 29 38 33 50 22 45 49 30 45 22 28 62 42 28 54 52 27 42 28 63 24 48 30 58 26 20 44
64 159 118 40 45 56 59 89 76 129 64 100 46 80 56 73 123 71 147 89 115 64 52 104 60 72 97 48 49 130 57 53 44 76 83 162 62 44 101 93 64 39 54 68 42 52 74 86 47 52
75 52 90 38 54 50 60 85 38 52 38 46 48 84 41 57 50 80 79 32 91 102 51 32 51 93 54 64 42 130 71 48 49 45 92 52 45 58 67 48 68 65 120 61 89 39 117 60 37 67
57 59 76 82 37 60 45 82 31 55 31 46 37 68 36 55 44 46 91 38 45 57 68 57 77 73 53 33 93 55 60 74 41 44 33 78 54 71 68 37 40 36 112 35 30 42 58 45 34 35
68 48 39 46 37 38 44 68 22 42 44 46 37 48 34 32 57 74 77 21 71 71 49 25 35 39 40 24 61 71 40 33 22 29 46 35 32 61 25 31 36 32 31 31 22 57 36 46 21 38
58 77 101 42 77 40 55 110 58 60 50 32 42 125 44 65 40 64 52 31 48 50 89 45 113 43 70 46 64 110 53 80 66 67 43 70 49 43 39 73 47 30 67 43 47 43 78 65 31 39
61 78 95 33 60 48 99 57 80 99 33 50 46 57 34 50 54 60 124 79 61 61 40 35 69 77 124 43 64 91 62 92 51 54 53 117 90 65 49 51 69 62 45 38 88 94 51 43 62 44
129 66 39 36 36 31 62 70 35 103 50 54 44 71 48 105 78 96 64 53 83 47 39 51 76 61 44 66 90 112 69 43 37 70 68 65 51 47 37 31 77 76 46 53 33 41 92 46 28 41
112 157 90 76 50 46 130 125 42 119 49 70 72 102 55 64 91 55 58 50 56 46 47 37 47 116 100 52 56 90 48 51 88 57 83 75 75 36 39 39 47 82 71 38 35 49 109 57 59 71
57 43 30 27 28 44 33 49 24 38 62 34 34 45 33 64 35 48 45 26 27 30 28 26 51 52 36 23 45 47 28 44 29 36 54 69 52 33 37 24 33 28 54 28 60 37 44 42 42 52
84 60 75 55 62 36 59 57 40 100 53 34 86 109 40 75 63 90 59 57 68 65 50 48 43 65 62 40 52 102 47 46 40 47 37 54 99 44 97 38 120 43 66 70 38 97 50 55 82 98
108 70 62 79 54 41 60 133 98 61 40 101 99 79 50 59 51 171 66 46 75 61 51 58 53 59 98 46 126 66 111 62 48 64 50 80 71 56 74 38 84 63 113 92 54 67 58 78 42 81
92 51 51 42 50 58 50 52 45 105 43 35 76 91 28 43 61 49 99 40 45 74 55 30 51 47 93 63 78 137 63 59 30 70 38 65 40 49 36 29 40 37 87 41 71 70 82 41 57 34
149 67 55 60 58 50 105 68 61 80 48 67 107 87 83 75 48 79 73 63 123 130 46 47 53 93 80 41 57 93 68 49 43 121 77 85 64 88 47 73 61 35 132 45 49 70 60 76 38 58
46 35 53 48 63 27 79 52 27 37 20 29 26 46 44 34 44 38 83 24 57 33 71 22 78 42 65 33 43 72 32 75 30 31 59 69 31 29 32 23 32 35 62 30 27 35 37 37 46 52
54 64 95 49 43 31 120 142 75 58 45 55 60 61 68 57 119 65 88 56 88 90 65 69 53 120 127 65 41 80 40 69 38 75 65 101 92 34 41 52 70 37 84 45 51 41 86 72 45 57
62 55 36 28 36 65 64 50 48 46 49 28 62 69 42 43 75 48 85 25 33 53 57 37 74 70 37 28 33 48 39 72 55 83 31 64 75 33 48 29 42 46 49 31 64 71 94 90 32 56
123 92 41 54 50 40 51 53 81 44 39 55 81 70 31 96 48 83 86 73 52 39 59 36 47 83 41 32 45 75 45 57 68 66 47 101 40 36 35 28 45 27 68 43 43 37 50 43 52 63
104 49 55 68 33 33 47 52 50 76 31 27 30 125 81 47 56 95 87 45 40 37 43 35 40 40 108 60 84 95 48 54 42 63 33 85 39 31 35 45 71 70 74 40 29 64 91 58 46 43
43 75 40 70 80 42 73 51 36 61 45 47 66 123 37 62 49 107 45 31 61 57 45 65 47 69 48 31 40 80 36 34 33 36 40 66 45 64 69 63 40 38 63 34 26 55 40 68 38 58
109 128 73 38 97 94 107 164 77 112 89 37 46 90 46 65 90 64 102 42 54 62 67 69 107 53 57 84 107 165 96 61 47 62 88 164 56 88 58 48 111 35 55 61 44 48 107 50 36 119
71 85 66 50 105 46 106 91 78 121 53 62 40 73 78 62 126 138 60 79 48 50 88 58 53 57 68 43 55 131 123 63 76 49 40 62 132 60 108 67 49 53 68 75 43 90 88 96 33 66
64 82 93 44 56 41 51 57 75 53 33 36 52 56 34 62 47 55 49 51 46 52 35 62 40 60 57 38 56 67 39 92 37 41 48 72 42 54 43 48 40 41 52 37 82 38 47 37 31 75
64 90 28 22 39 21 83 53 34 48 52 35 21 47 32 31 29 80 62 31 34 28 25 21 29 44 72 21 25 52 25 30 22 51 34 55 57 55 35 22 31 45 74 34 26 40 47 31 19 41
85 53 33 26 80 23 52 66 41 44 31 43 31 51 37 43 30 101 91 27 31 60 34 60 36 74 64 30 50 121 42 40 24 74 73 100 35 31 31 52 54 23 43 30 33 41 104 39 38 40
81 40 35 28 37 24 43 73 32 81 33 19 43 46 26 51 35 63 49 51 33 46 36 55 29 41 29 25 50 38 31 29 37 37 31 40 37 42 59 42 31 50 48 36 33 34 78 63 48 34
66 77 32 36 30 35 53 56 32 100 26 28 32 106 60 53 63 57 60 58 50 38 48 25 44 38 49 44 29 57 42 55 27 42 43 84 75 48 41 31 36 24 63 33 27 34 45 75 49 29
131 88 49 30 95 45 47 47 35 49 44 56 36 147 47 89 39 55 100 40 63 87 53 57 99 40 86 30 39 87 99 74 37 75 53 88 40 60 51 35 77 31 41 35 29 65 84 49 31 46
114 49 64 47 36 31 55 98 66 51 80 47 41 73 50 44 53 67 68 34 60 41 83 62 110 57 71 62 74 108 50 79 50 63 56 76 42 37 87 45 90 33 74 60 47 102 47 61 28 52
54 61 42 58 66 37 52 53 45 52 64 37 44 59 38 106 38 63 44 34 47 37 100 37 67 52 83 72 73 60 38 40 33 105 35 89 62 30 90 43 53 53 101 55 76 50 50 56 75 67
57 130 90 32 38 32 57 123 35 98 34 28 86 111 88 114 43 58 68 32 47 57 44 59 40 85 107 32 73 69 49 55 29 43 41 61 44 37 33 42 49 34 71 88 56 49 81 39 39 36
60 60 111 52 62 46 53 51 35 50 75 42 33 144 55 80 111 50 52 55 80 42 41 61 92 48 62 53 45 97 59 95 30 68 58 48 51 37 58 48 45 39 67 34 64 80 78 48 31 92
103 79 71 48 43 51 55 132 57 91 60 34 48 70 55 96 49 100 62 54 40 67 69 84 46 67 49 76 114 84 59 46 40 94 46 137 64 95 73 36 94 57 77 42 57 110 82 52 33 48
66 73 60 68 44 45 98 62 38 56 36 67 36 75 53 46 55 140 52 32 38 55 78 32 73 118 51 36 89 90 71 88 32 41 89 61 52 39 58 34 82 47 62 67 32 47 49 41 60 69
132 76 69 87 87 49 65 140 70 102 53 54 81 91 90 132 60 145 75 42 56 55 70 59 56 101 117 54 84 81 76 136 44 61 74 119 51 55 85 53 53 52 67 60 41 79 68 118 55 58
43 65 37 31 52 28 42 92 32 52 30 53 30 64 52 44 35 63 36 23 35 81 58 27 65 46 38 42 32 119 52 38 30 40 48 78 34 26 34 38 60 28 49 49 46 69 59 35 24 61
84 49 77 32 55 37 89 90 24 51 58 43 32 51 44 80 38 37 43 37 31 74 59 34 47 40 38 28 53 76 33 64 26 43 37 49 51 27 32 53 58 40 37 46 42 88 49 38 23 48
50 117 47 29 82 28 52 102 34 94 34 41 46 54 41 39 69 100 40 43 39 36 59 47 38 114 53 57 44 51 40 46 57 39 58 80 50 55 67 30 105 38 59 42 31 49 46 51 31 84
96 61 65 54 51 36 105 111 44 136 88 43 87 63 60 131 77 55 73 50 49 113 60 89 63 108 70 40 103 108 77 43 38 55 68 53 121 34 46 70 66 73 54 73 71 44 114 46 33 83
155 74 49 42 64 57 53 75 62 62 72 49 39 157 41 62 79 110 54 42 60 98 59 65 121 72 93 48 54 151 68 91 39 54 42 53 56 89 67 44 64 37 46 41 92 81 73 67 41 65
65 44 83 26 29 37 38 42 45 60 23 36 43 58 25 39 30 72 84 44 26 36 27 54 77 65 32 41 33 89 67 53 39 34 36 39 42 42 27 27 35 28 61 26 58 58 49 50 27 55
57 51 43 35 45 26 45 117 36 58 41 39 34 50 34 80 40 85 99 53 31 53 53 38 95 48 39 67 37 59 38 87 42 68 41 72 45 43 69 29 73 25 59 38 63 38 47 68 49 69
81 141 46 48 70 67 50 100 47 78 46 58 46 115 38 47 62 68 83 39 95 60 78 60 51 66 47 87 41 138 42 114 67 89 88 92 66 52 55 64 102 66 57 75 54 64 109 48 41 59
60 59 74 47 71 62 74 63 33 97 71 37 34 80 48 48 85 122 48 67 42 58 54 34 42 44 45 32 76 69 42 106 46 50 86 86 50 40 66 30 107 79 93 41 70 88 69 84 66 37
66 74 63 36 43 59 51 112 33 50 53 40 64 101 47 90 52 55 63 38 70 42 37 30 66 56 46 77 49 64 61 89 50 90 36 59 55 69 39 45 59 67 52 34 31 58 84 57 30 59
82 82 65 46 51 38 85 147 44 82 80 99 39 72 105 139 93 105 83 38 75 71 75 44 51 87 53 40 56 125 74 68 87 131 93 109 76 97 114 78 132 40 74 55 111 112 86 81 34 61
173 172 55 47 100 75 70 79 53 53 39 53 39 108 76 59 105 63 111 63 72 122 50 51 139 113 114 102 81 70 61 114 48 125 82 76 63 91 59 50 68 82 91 48 58 51 104 66 56 90
63 61 47 47 53 40 41 81 46 62 32 63 35 127 86 45 45 68 81 36 52 74 62 34 105 44 40 34 40 66 90 38 36 38 39 85 75 35 36 74 76 36 86 36 53 51 60 37 53 35
81 139 49 67 35 39 66 73 50 48 46 53 62 132 33 105 71 49 94 42 101 96 55 69 77 101 87 60 79 84 51 90 31 87 76 49 58 62 66 52 101 37 41 66 70 74 51 43 38 38
77 154 49 55 82 33 59 115 47 76 79 32 52 90 41 49 70 124 89 48 54 49 65 67 88 48 63 44 43 61 46 89 40 103 41 114 117 36 38 78 60 50 84 41 44 121 94 48 38 45
94 135 131 50 64 34 78 72 86 128 50 81 103 131 60 76 68 90 128 37 84 63 48 39 112 54 73 78 107 100 48 90 80 100 60 131 49 45 48 58 72 33 54 89 37 74 161 101 73 75
65 85 60 58 43 52 60 72 41 45 28 29 47 62 37 59 71 47 56 46 50 53 71 62 39 60 47 32 47 85 61 73 51 90 60 60 48 31 37 37 40 42 39 49 43 44 91 74 72 71
55 66 77 37 63 46 40 42 67 46 25 32 33 64 39 39 58 40 37 29 27 35 29 31 48 37 36 60 79 65 31 46 57 51 49 71 38 49 56 30 50 32 68 49 40 48 54 31 27 59
37 99 43 51 34 26 79 99 23 37 35 34 38 39 60 47 32 47 31 22 64 49 69 39 41 48 66 29 44 39 46 40 40 38 42 49 31 38 29 32 36 50 39 39 38 84 83 29 29 28
78 69 90 45 70 44 51 112 34 48 38 35 49 59 28 87 94 93 45 27 40 43 79 49 103 40 100 34 43 66 50 62 30 38 37 74 74 60 40 41 69 43 53 74 26 71 71 49 36 34
70 78 112 46 82 35 59 121 83 106 42 74 39 83 41 102 76 115 129 42 67 52 57 76 72 55 65 55 133 162 90 96 43 47 42 60 101 39 66 99 62 38 70 66 78 74 73 50 48 57
58 116 51 87 61 65 131 89 47 50 45 81 55 121 78 93 109 51 58 56 79 45 87 50 54 58 54 34 53 121 76 55 35 91 47 53 117 76 39 35 85 46 52 77 53 73 89 68 38 46
48 104 50 44 51 57 49 94 57 103 28 39 29 63 33 49 31 63 66 57 46 54 40 66 45 92 58 26 38 46 70 41 37 35 37 65 54 29 44 23 76 38 40 63 69 63 89 45 45 33
77 167 99 70 47 56 142 65 40 74 64 48 63 132 71 53 46 71 148 54 76 48 54 66 68 59 54 83 72 87 69 65 37 100 65 66 114 86 65 45 50 38 80 45 62 70 85 74 83 80
106 51 105 32 38 30 45 99 59 107 30 33 43 84 37 51 58 49 66 35 87 39 62 44 40 66 70 36 40 109 70 80 54 88 80 76 51 33 37 29 51 49 69 73 33 89 54 39 61 43
97 131 68 85 100 83 58 75 34 69 37 46 97 93 83 56 48 61 67 38 112 48 46 49 60 84 87 39 53 144 52 85 57 54 73 102 52 44 53 92 48 31 67 43 39 93 57 57 62 75
53 72 55 40 94 32 48 116 37 56 66 32 38 82 41 105 80 111 54 30 88 44 63 68 49 58 121 40 106 98 85 40 48 74 69 67 48 33 47 33 75 51 115 47 56 75 100 85 55 79
93 140 48 46 51 37 54 62 67 102 44 43 67 71 40 78 103 93 93 34 57 51 92 62 44 48 54 48 49 98 69 59 79 42 66 82 86 42 44 49 48 62 46 37 36 93 57 90 31 74
71 123 52 33 42 42 49 66 31 111 36 67 34 115 44 44 44 54 86 55 64 48 50 66 47 117 107 33 49 70 42 64 35 46 66 78 71 83 68 49 42 34 64 46 84 55 48 38 41 47
66 147 48 91 40 39 90 91 33 88 54 47 40 118 38 107 42 55 46 57 85 38 55 67 41 48 74 31 106 70 57 65 32 41 93 129 109 78 40 58 46 44 88 37 42 50 88 94 55 41
48 64 71 40 50 65 104 58 41 64 25 71 30 48 34 93 39 53 37 38 51 71 50 41 42 93 65 38 74 116 51 41 42 45 49 47 95 68 61 31 97 34 44 32 46 50 42 67 54 36
130 94 78 46 41 80 74 57 64 135 35 34 38 58 59 83 64 52 95 34 41 63 98 38 78 76 50 35 44 128 109 48 81 48 68 63 128 90 93 38 112 29 47 48 34 73 115 45 57 85
177 71 138 64 57 85 64 89 105 98 39 79 110 173 59 74 82 65 66 38 62 58 100 42 66 134 71 112 49 105 58 60 37 66 55 80 58 61 89 44 83 49 58 48 79 92 59 54 33 98
65 42 34 25 48 33 59 60 64 53 44 28 30 45 63 47 58 100 32 44 36 31 41 31 40 34 53 45 64 59 73 30 42 66 25 43 34 36 65 44 44 33 40 64 22 32 52 78 39 39
70 67 81 39 48 79 60 61 86 113 36 29 34 102 48 51 59 66 58 81 34 55 40 75 106 50 52 53 106 75 41 45 62 53 33 92 44 31 76 33 92 79 76 63 31 83 56 62 38 61
38 43 29 25 29 22 72 44 29 37 27 39 24 81 30 41 58 57 46 23 51 30 37 32 38 32 54 26 37 44 30 30 25 75 27 79 42 31 54 38 34 21 85 33 51 66 40 67 22 43
53 50 31 40 36 42 52 71 30 33 38 33 60 55 33 37 51 37 40 35 61 79 61 42 31 41 30 28 36 104 57 59 24 36 41 44 75 61 44 24 51 23 71 34 58 48 87 60 20 29
72 84 70 49 53 42 77 82 44 61 66 79 69 121 80 58 79 74 54 91 94 45 43 96 55 96 57 77 48 94 88 79 40 129 55 56 91 101 59 47 101 60 107 45 52 58 100 79 41 66
101 71 48 39 32 34 43 62 44 57 31 52 38 93 70 45 82 86 98 51 32 47 62 32 47 95 43 84 40 131 59 45 29 38 43 78 66 49 35 51 76 31 63 40 51 41 94 62 30 39
140 100 78 39 60 41 81 58 42 74 96 73 36 143 45 54 53 55 74 32 46 47 55 49 62 77 73 50 50 102 66 113 59 70 58 118 46 67 102 37 108 85 75 72 90 45 71 80 33 70
136 123 57 37 100 43 51 58 73 62 36 32 87 63 38 64 64 75 50 39 56 46 54 35 93 68 65 45 56 105 46 63 53 55 85 74 80 62 69 85 78 34 50 50 89 97 60 96 83 44
94 42 32 53 57 53 44 53 27 94 54 40 34 59 23 31 35 34 60 25 43 52 28 59 54 31 51 63 59 64 67 29 61 44 57 73 56 57 39 45 31 40 59 34 29 53 42 33 32 68
60 80 100 38 56 35 128 124 35 52 75 35 82 70 79 106 49 80 118 78 41 108 39 35 47 46 98 68 40 89 65 55 87 106 88 134 55 34 88 46 55 67 51 43 38 51 76 76 28 44
144 66 61 91 42 43 92 98 31 71 53 41 57 134 64 58 66 78 43 29 37 49 39 38 90 50 88 39 40 130 55 100 58 89 78 73 58 50 54 36 45 46 108 49 37 39 53 39 39 48
58 69 102 37 92 50 63 73 79 84 83 36 94 68 57 78 68 105 48 74 79 66 43 49 56 56 51 49 75 78 51 103 43 64 48 88 61 50 88 32 79 54 71 95 53 44 75 48 36 54
46 63 29 53 26 44 30 50 24 37 35 21 34 40 36 28 35 33 60 34 23 37 48 48 67 32 38 33 52 66 39 52 25 61 37 55 34 58 51 48 59 28 32 28 21 50 66 37 30 36
54 60 49 44 35 42 89 56 25 36 27 28 24 61 37 30 49 83 50 23 65 32 30 31 41 39 36 31 71 49 32 41 27 38 35 84 48 49 26 32 63 32 43 29 49 33 52 32 19 38
108 87 35 28 27 34 37 73 48 52 25 28 29 49 32 38 37 91 59 36 52 28 50 50 30 44 56 39 36 61 55 31 34 29 33 83 43 34 32 33 34 45 65 26 37 29 46 70 20 52
117 109 77 72 43 35 52 85 49 50 82 38 39 59 36 117 54 125 52 73 45 36 36 39 42 56 71 35 37 141 42 40 65 39 34 56 42 54 36 28 111 27 38 36 54 41 47 60 33 50
43 38 72 38 61 53 64 101 41 45 49 51 44 87 60 37 29 60 34 45 59 34 72 37 59 61 88 63 28 103 35 41 35 57 27 39 38 28 28 38 55 26 34 57 24 44 102 66 20 33
56 110 35 26 74 24 46 67 44 54 25 48 34 99 32 55 40 85 60 57 31 38 37 50 36 86 39 53 52 110 61 82 51 51 30 86 47 64 47 24 63 29 34 72 27 69 55 70 35 30
72 80 44 62 31 27 38 95 41 43 75 28 30 61 28 61 68 60 39 35 33 35 41 27 92 41 73 39 43 58 64 49 36 73 61 46 37 34 48 29 90 68 76 49 37 58 86 34 26 35
101 84 53 44 49 84 88 61 38 55 58 70 65 72 82 52 70 80 65 35 93 74 106 64 69 57 152 90 65 91 48 73 77 47 75 117 65 87 41 38 75 59 116 47 91 68 161 63 56 66
60 87 40 80 33 37 97 96 39 57 36 35 49 85 49 43 55 77 40 54 90 35 34 48 41 88 38 76 54 72 46 65 48 43 40 62 42 46 62 43 72 55 76 89 44 35 46 40 29 51
65 85 64 39 62 48 129 61 49 87 81 41 43 166 49 87 79 143 110 38 50 89 112 71 82 77 52 59 69 70 47 87 50 49 119 86 126 45 55 40 56 48 64 115 51 80 63 118 43 92
57 46 34 29 36 70 76 61 41 57 70 28 55 44 39 37 58 68 41 35 38 35 41 27 39 51 64 52 60 54 45 50 43 49 51 48 55 46 30 62 48 44 90 49 30 36 43 45 28 54
103 85 69 44 30 33 37 40 43 97 33 32 28 54 26 41 34 44 50 55 32 90 32 30 76 91 87 37 44 44 50 54 24 46 65 82 34 36 31 25 37 25 39 56 24 35 41 32 23 35
52 52 54 33 78 73 55 55 70 124 29 40 39 84 38 50 38 98 109 44 86 38 37 33 39 54 106 67 52 103 70 75 51 77 38 53 42 47 37 28 41 31 67 35 38 53 132 67 63 104
59 75 57 34 49 31 53 129 36 113 46 69 81 57 63 81 76 59 126 47 38 78 40 46 60 52 54 33 38 73 49 108 36 42 41 56 52 53 40 65 64 53 88 35 33 69 50 73 28 69
161 142 117 98 49 77 51 126 87 55 74 31 49 75 40 96 57 96 122 30 83 47 85 45 82 82 60 88 65 135 40 46 37 95 90 54 44 34 66 66 45 48 81 51 60 46 64 43 44 51
74 43 76 50 41 24 72 47 32 52 38 31 35 73 27 35 30 102 74 26 33 55 33 51 36 44 53 33 43 116 44 38 24 39 58 106 42 33 39 24 48 50 48 52 24 44 75 57 37 71
48 56 46 55 27 29 64 62 54 40 32 29 52 40 32 48 60 81 41 51 27 41 39 36 28 42 33 24 42 47 27 65 22 44 43 60 50 22 31 23 62 24 30 26 35 61 59 32 44 31
65 61 58 63 41 51 52 69 42 88 57 81 74 83 86 105 116 57 59 69 64 122 65 103 87 99 57 90 63 89 70 77 43 108 46 85 50 42 85 34 68 89 55 78 45 64 84 47 32 83
72 49 49 62 49 27 75 56 41 44 49 44 35 125 30 51 43 49 53 34 52 99 75 48 46 75 53 47 55 56 36 46 32 40 62 107 71 42 44 29 38 53 48 82 32 36 42 44 24 60
68 136 42 38 47 44 62 53 77 47 38 46 51 71 89 54 39 56 42 37 35 42 70 51 66 43 51 44 36 67 60 81 82 69 37 62 97 51 50 43 73 39 81 37 38 103 55 54 32 105
102 160 60 38 105 66 83 63 98 64 42 56 50 77 66 78 110 136 132 38 87 47 80 100 72 90 74 38 78 106 120 57 36 79 46 60 72 64 72 80 84 37 66 50 74 111 95 61 53 69
59 166 53 39 43 44 51 83 55 74 70 59 46 76 89 52 56 144 109 39 48 75 53 68 60 66 48 41 75 74 100 59 55 109 42 116 54 37 67 60 70 67 52 59 44 59 61 46 38 55
112 56 103 38 96 32 67 91 42 113 34 34 47 77 69 51 55 63 55 62 40 40 56 43 52 119 55 68 41 97 58 65 59 93 42 51 114 34 53 46 48 36 44 43 46 41 96 56 38 57
76 34 30 46 26 28 56 53 25 75 20 40 23 91 29 62 26 32 48 20 31 35 40 48 27 48 31 35 33 51 58 39 27 46 25 36 43 21 65 19 27 20 42 51 28 30 35 42 21 41
125 59 54 36 82 68 44 58 74 93 39 33 29 124 48 46 41 104 96 50 45 78 56 58 54 47 46 38 69 57 64 80 52 60 57 55 50 54 46 53 66 38 74 49 67 77 54 81 30 40
112 50 60 37 30 38 38 87 40 97 39 30 43 54 35 53 33 41 40 31 35 34 35 43 61 86 54 45 43 44 74 49 47 81 29 48 87 70 51 25 33 29 39 55 27 33 43 33 23 31
65 42 55 50 67 30 65 48 51 46 62 65 32 54 44 86 33 63 38 33 58 40 31 40 33 74 55 59 30 53 48 54 39 52 29 106 33 67 80 23 77 23 80 33 44 33 54 33 24 48
77 117 47 53 46 78 92 63 41 113 50 48 64 128 49 48 41 57 60 77 67 94 54 52 66 53 89 90 49 76 70 57 36 69 86 53 108 69 56 37 120 64 51 37 34 70 66 52 35 94
72 95 49 34 48 21 34 56 21 56 35 22 58 38 26 51 30 45 29 19 25 39 25 20 31 55 49 38 34 38 31 42 28 63 52 46 43 23 32 37 67 36 37 65 29 47 37 47 36 31
59 71 44 56 32 26 37 33 33 46 36 20 24 72 40 56 61 32 73 34 42 38 28 23 48 61 43 21 28 57 28 41 35 35 42 32 67 25 28 21 44 25 34 52 35 27 36 46 22 25
76 53 62 37 68 64 44 82 42 121 73 30 41 57 61 74 60 81 56 44 43 39 59 41 50 120 112 34 71 54 51 66 46 46 85 49 40 35 52 31 67 32 80 39 57 47 69 56 61 37
39 87 50 28 27 34 81 99 23 67 32 30 40 46 40 47 49 51 38 27 35 30 33 35 56 32 53 31 37 50 51 30 23 31 62 90 51 31 25 22 44 31 52 37 63 40 74 37 35 37
59 53 44 49 68 40 52 61 54 116 51 45 50 92 51 116 77 128 53 38 62 71 43 34 82 43 57 38 67 146 39 59 61 94 83 102 51 44 67 34 97 47 57 39 57 56 51 56 40 97
87 129 103 31 40 57 83 54 62 47 39 63 33 52 36 114 36 90 50 27 79 107 45 38 86 60 70 45 43 74 41 41 40 37 70 55 82 30 51 30 91 40 58 89 32 61 89 37 28 37
70 48 26 33 32 22 48 68 26 32 29 19 30 45 39 43 30 42 58 44 31 30 24 24 75 47 43 28 27 65 34 32 22 27 26 38 63 27 37 51 39 20 45 22 51 31 31 28 22 34
98 54 71 28 73 44 49 74 56 53 27 24 32 98 42 39 35 51 49 27 38 33 86 56 47 64 70 28 40 61 73 43 28 42 40 57 58 29 63 28 61 54 34 74 39 59 45 59 66 31
41 48 36 32 33 48 82 94 53 67 46 30 54 97 33 33 36 38 40 31 48 28 54 37 65 71 39 48 33 82 45 53 31 40 48 79 53 27 27 23 31 45 29 34 27 66 39 48 35 33
45 93 35 28 31 28 51 128 29 99 75 34 38 90 66 56 81 47 48 40 36 44 55 43 83 41 110 71 42 51 72 38 43 43 35 85 52 40 37 28 86 36 49 40 41 53 45 53 46 64
66 103 58 32 82 84 86 61 76 83 48 60 46 56 60 104 50 51 46 30 75 39 75 71 78 73 73 55 49 128 43 42 33 41 40 54 67 53 42 34 100 49 42 74 46 71 121 49 54 46
43 41 75 40 37 24 34 81 62 56 46 50 24 43 41 47 31 53 47 42 42 39 59 28 53 53 35 48 52 120 39 34 55 29 33 82 66 27 39 34 42 49 68 27 48 71 42 82 32 84
121 72 99 59 57 78 96 74 52 59 41 42 62 131 69 52 70 65 54 57 43 62 56 36 54 63 131 88 93 72 55 66 68 120 98 123 98 77 56 55 66 34 106 49 48 101 61 47 76 44
38 35 26 20 25 19 28 53 46 78 44 24 26 38 22 27 65 58 42 21 32 51 41 42 34 28 30 24 62 42 28 29 19 57 26 57 36 27 30 50 52 18 29 44 28 58 46 33 22 42
80 67 122 41 43 59 95 152 52 68 56 42 38 61 92 114 100 107 62 67 77 73 62 50 43 57 91 76 46 118 104 105 47 42 92 99 64 48 73 66 48 37 51 86 41 44 98 45 75 63
47 51 72 31 36 26 50 56 33 40 31 35 67 65 33 54 67 74 103 54 74 58 53 26 58 57 71 28 47 58 42 39 27 46 37 47 61 46 47 41 53 61 49 40 55 38 68 48 39 62
85 132 84 83 56 50 128 157 45 90 72 88 46 158 60 69 81 88 64 47 55 56 75 49 58 68 81 73 54 161 54 83 81 66 49 147 56 60 47 95 85 76 60 43 56 72 61 131 93 45
89 128 108 64 37 81 105 75 38 62 70 37 72 53 44 46 97 113 51 64 73 44 37 60 45 116 46 33 43 60 103 93 32 37 38 54 72 64 45 76 92 42 46 58 43 71 90 48 48 101
84 77 50 77 77 92 57 78 36 81 86 36 52 85 86 104 58 54 123 44 57 56 42 36 124 59 79 53 59 119 58 83 101 61 71 70 67 65 42 34 57 52 88 88 54 49 149 83 35 111
57 97 37 55 25 43 55 64 25 34 26 19 43 78 33 67 25 31 57 40 26 35 38 53 57 39 40 38 30 51 55 31 43 30 37 74 27 30 27 28 40 43 69 29 29 41 44 63 17 39
52 52 44 66 103 36 46 57 72 121 57 32 33 108 46 66 98 101 84 37 42 104 52 39 52 100 126 39 50 61 49 50 35 61 78 51 53 36 93 34 59 62 88 99 33 55 88 59 68 37
95 109 54 44 45 61 63 126 55 106 50 67 36 64 39 65 84 68 76 35 55 120 50 55 48 84 87 82 88 111 44 79 46 63 82 102 55 90 74 65 62 81 64 41 36 49 61 45 43 114
56 59 35 41 42 35 85 114 52 99 25 51 34 56 31 51 52 51 76 25 51 42 42 26 43 38 61 39 56 109 33 52 49 46 33 57 60 28 40 27 39 24 95 37 50 45 72 39 26 36
85 62 51 42 56 58 101 48 27 69 43 59 28 60 40 57 65 45 55 27 67 77 91 27 38 51 81 82 53 62 38 44 35 35 57 48 87 31 38 65 59 38 60 49 29 43 52 64 24 85
125 70 113 60 76 31 50 69 70 100 33 67 34 82 73 54 48 87 76 33 39 71 82 61 45 59 63 42 41 62 46 58 32 102 61 112 83 63 97 42 106 33 100 65 44 64 87 50 31 44
81 82 60 94 51 46 67 68 57 56 60 82 37 74 52 143 71 104 68 37 54 53 87 41 95 96 105 43 49 101 77 66 55 77 68 106 101 42 47 65 61 79 84 83 62 107 95 112 36 113
93 87 43 61 81 41 38 60 42 42 27 31 31 46 31 95 33 59 37 27 37 38 70 25 79 69 37 26 49 53 77 50 41 48 29 42 70 59 43 31 47 61 36 30 51 83 58 61 24 33
36 46 29 44 56 31 31 53 44 42 27 40 59 78 44 55 55 40 33 51 25 41 45 21 29 39 33 23 32 69 69 67 43 55 35 88 33 25 63 44 73 36 37 29 29 33 68 27 39 27
100 73 35 72 62 52 72 67 42 89 34 50 71 66 36 50 49 43 43 42 34 40 35 51 36 94 43 62 61 89 50 95 32 41 33 54 42 47 40 30 58 37 47 35 29 33 44 55 42 38
59 46 43 32 68 29 45 90 26 65 23 27 39 89 45 35 50 47 48 45 76 32 59 43 62 62 33 23 38 51 34 31 26 36 37 69 33 36 38 35 33 27 63 62 41 32 35 74 45 34
147 77 116 83 42 36 123 54 58 77 58 32 46 159 55 96 102 84 60 32 56 73 49 48 54 99 67 84 97 57 62 55 88 74 50 54 111 81 38 40 60 80 65 84 72 100 67 58 36 49
66 33 76 43 28 22 50 89 54 53 36 29 56 48 53 42 27 52 35 40 27 29 27 19 42 33 28 31 48 96 32 27 21 33 41 83 34 53 26 30 28 28 43 26 32 30 34 62 25 27
36 42 35 26 33 55 54 44 25 39 21 34 39 40 47 34 46 37 41 22 60 35 62 23 37 53 37 30 27 69 31 49 21 49 26 54 30 32 48 45 45 22 33 45 44 40 73 46 19 54
84 49 40 44 60 51 84 112 39 53 29 51 32 147 36 75 48 74 61 48 75 36 56 28 50 47 51 32 79 126 49 43 57 65 59 65 79 82 32 47 55 71 48 53 34 37 47 36 38 83
95 57 45 53 82 32 48 135 76 52 33 35 48 62 51 87 44 63 76 36 46 64 55 43 49 48 65 80 46 109 104 60 63 57 57 105 61 44 40 39 106 31 52 63 90 47 64 104 31 47
81 57 43 46 54 32 105 76 78 61 32 54 60 71 55 47 71 70 50 46 72 87 86 62 80 72 47 38 63 72 37 42 46 51 44 73 71 32 74 47 92 63 46 48 33 54 97 41 27 43
49 58 72 54 45 27 90 74 43 91 59 53 57 60 32 79 38 45 73 31 36 61 64 33 57 51 40 36 89 75 36 95 34 53 84 106 39 43 32 62 70 65 97 51 45 46 53 65 36 40
63 167 52 101 88 79 90 61 44 63 45 82 59 61 104 47 85 59 59 54 77 118 60 36 123 49 61 46 41 76 48 116 60 43 40 113 123 84 50 46 74 53 116 45 40 71 149 44 61 41
70 110 70 38 101 78 81 64 34 96 36 30 53 83 44 47 40 58 63 42 53 52 44 32 81 45 112 35 88 124 40 95 30 54 42 63 65 40 86 31 112 44 54 37 31 48 114 90 35 56
53 38 36 23 53 42 56 40 39 31 21 22 23 92 32 70 58 83 60 23 27 35 59 21 44 34 39 22 63 56 27 41 37 27 30 70 42 62 70 20 50 36 40 29 36 27 38 32 45 36
78 114 90 42 68 83 58 78 43 61 58 36 47 68 41 89 47 56 63 39 50 48 119 50 132 69 93 35 72 124 92 84 54 52 40 66 70 50 39 53 58 35 85 77 50 59 153 69 54 68
48 59 68 47 24 23 32 47 54 45 22 28 33 51 32 36 32 42 33 22 37 26 35 35 76 84 43 54 38 40 27 30 29 30 31 49 35 24 27 32 29 35 30 29 34 35 57 39 23 37
101 53 51 45 56 29 75 57 41 58 60 26 53 107 32 63 35 53 49 29 36 38 42 59 92 46 41 37 81 98 34 39 29 86 53 69 57 79 52 27 63 40 67 57 31 69 44 52 34 49
71 77 62 49 32 47 73 39 50 42 24 22 26 115 26 36 31 37 44 54 45 37 69 49 38 79 44 28 43 44 55 87 27 62 36 36 74 33 30 31 33 63 47 39 28 30 55 35 48 38
49 59 31 67 36 39 57 44 29 83 51 45 36 39 48 73 37 96 41 23 35 33 66 34 48 52 67 37 41 111 31 59 27 29 47 67 37 35 31 33 43 28 33 29 22 34 45 82 31 37
73 70 75 75 80 73 134 113 33 58 52 39 40 101 57 62 68 51 65 52 46 65 42 51 56 64 86 66 40 121 68 100 91 44 42 119 44 36 65 67 50 75 107 105 51 50 95 43 32 44
36 45 39 24 30 31 40 66 42 34 22 29 22 55 33 44 38 67 39 25 50 44 30 43 82 71 49 26 44 52 32 33 54 43 69 35 69 31 54 33 50 23 54 41 47 28 55 28 29 56
40 60 48 23 66 25 76 46 56 66 21 23 56 40 25 47 79 45 33 34 31 27 36 28 38 50 80 22 36 53 47 36 31 32 59 51 33 26 28 25 38 37 42 25 40 37 64 32 19 26
101 124 54 41 77 51 95 65 104 96 47 88 39 98 99 71 64 74 77 65 107 125 77 44 53 60 76 64 71 104 50 136 102 70 82 80 68 69 48 57 61 65 60 66 37 72 113 68 41 47
58 49 54 76 68 36 39 80 41 41 45 33 35 60 32 83 37 80 41 42 65 87 85 53 43 50 69 36 70 100 83 55 27 36 30 56 94 46 73 68 49 49 85 38 61 40 60 64 32 32
87 51 36 36 53 61 91 39 27 36 36 41 47 69 50 61 81 82 36 40 28 38 29 37 35 39 67 52 34 62 37 61 59 36 36 45 38 26 28 65 62 29 91 43 37 37 54 30 24 31
104 69 88 74 76 37 70 97 63 65 39 52 60 96 50 65 72 128 95 67 113 76 58 41 104 146 72 90 49 137 52 83 88 50 75 119 52 91 59 88 97 73 50 55 74 58 99 104 67 52
67 65 52 98 51 41 65 81 61 119 51 73 99 72 51 59 88 115 61 36 49 87 103 80 50 124 65 50 79 100 61 51 46 46 65 141 78 43 56 47 83 61 51 46 77 120 107 70 35 74
95 135 73 46 61 58 89 151 56 67 76 55 84 108 73 51 77 64 63 56 68 83 47 42 64 71 93 54 73 131 46 128 70 113 46 163 88 62 52 55 77 86 48 61 60 69 89 59 85 54
58 100 72 49 27 29 64 44 63 82 49 23 27 40 57 83 28 94 31 22 68 31 34 28 46 40 38 22 55 95 41 42 30 49 26 54 66 31 34 45 47 35 41 39 28 27 51 37 49 34
89 81 43 23 52 21 40 54 39 83 20 21 47 90 59 30 41 58 51 26 32 33 49 34 35 34 51 25 33 56 39 31 22 29 33 35 52 57 61 18 51 34 64 31 33 34 34 39 20 24
42 93 44 33 33 21 62 36 23 39 40 26 41 61 26 59 31 89 46 42 56 59 27 22 33 46 70 34 24 39 38 34 33 41 42 39 70 48 23 32 55 19 29 43 24 33 39 29 31 36
77 37 42 47 26 39 35 36 23 31 30 19 39 59 42 30 35 78 81 52 31 48 51 22 34 32 57 23 25 39 41 65 44 37 46 33 69 32 31 25 37 51 51 25 30 51 33 39 20 54
111 45 44 66 48 59 69 48 27 107 51 32 37 69 51 79 74 43 68 71 32 39 51 36 52 58 46 55 37 47 42 93 39 34 42 49 37 34 66 65 78 30 46 45 40 69 58 42 34 70
139 71 59 43 53 43 117 60 38 100 97 77 40 83 109 71 68 76 148 34 79 65 82 70 65 81 90 47 126 104 125 84 97 118 115 103 84 46 77 48 69 58 67 59 58 70 60 45 38 66
96 69 66 47 45 63 41 56 55 43 27 36 29 67 47 45 61 64 70 57 32 52 54 53 93 68 65 31 37 52 60 45 47 61 42 112 72 30 33 45 111 70 43 79 71 44 61 88 41 40
63 66 79 79 51 38 139 64 35 62 73 42 68 63 53 57 44 129 54 63 97 72 86 38 132 75 62 103 60 73 112 57 89 56 54 148 49 41 51 91 67 34 55 82 54 67 130 66 69 70
58 48 47 29 60 77 67 116 37 60 37 26 35 71 41 44 44 58 88 75 33 43 42 36 38 39 53 29 42 80 62 39 63 42 32 48 72 81 40 28 84 31 54 53 33 51 56 47 27 51
54 123 45 38 31 65 59 118 46 62 54 27 49 53 36 54 39 111 92 51 34 46 65 31 69 37 36 41 66 63 63 61 47 47 56 118 90 27 38 71 73 36 43 45 33 51 58 65 47 53
96 72 136 53 98 76 76 97 54 89 36 47 94 66 84 129 103 88 121 34 65 107 52 83 56 113 73 48 78 61 118 58 46 67 62 60 58 69 45 47 76 43 51 61 54 44 66 93 60 44
114 41 70 61 77 27 38 84 33 37 40 26 60 56 28 63 48 68 58 24 34 34 45 27 94 55 45 35 31 73 46 51 61 65 30 62 49 42 73 43 53 31 64 77 27 82 78 33 28 42
157 96 61 77 68 87 60 66 42 79 85 90 66 77 53 131 57 62 124 62 61 91 122 47 82 61 156 53 85 89 60 65 75 47 111 148 83 45 67 58 95 83 139 51 69 64 142 134 36 98
53 84 45 49 81 37 83 74 39 54 41 34 59 80 39 45 42 111 52 41 48 48 70 56 51 59 75 55 83 56 49 75 34 40 43 74 104 65 55 37 64 51 67 48 45 44 121 55 49 47
112 73 40 31 82 43 50 119 42 76 36 33 71 49 38 51 90 90 41 57 51 43 58 34 43 42 61 29 68 72 60 57 48 41 69 43 39 36 37 46 76 36 68 44 37 58 46 46 49 35
125 83 52 69 54 55 79 84 66 57 41 83 40 86 45 106 84 79 112 44 78 54 100 92 78 57 98 51 90 81 47 97 75 65 37 54 52 41 42 32 85 74 79 87 59 62 86 54 48 42
47 83 44 74 71 41 45 48 48 60 29 39 46 56 35 63 47 70 91 55 60 46 84 50 43 94 51 44 66 75 45 100 30 42 51 49 58 43 72 29 86 33 55 79 49 74 59 78 43 41
85 90 82 72 48 30 86 92 42 103 44 36 32 44 57 61 40 38 43 31 32 40 69 41 69 69 38 27 33 66 35 41 27 32 29 111 37 29 32 27 39 60 42 44 32 35 85 36 44 43
64 36 46 41 43 21 28 54 31 38 36 32 31 77 44 37 43 44 45 31 26 59 47 20 30 34 42 21 48 40 41 44 29 36 30 58 54 25 23 28 63 21 41 52 48 44 77 36 19 39
104 71 45 86 38 38 64 150 38 120 35 57 39 83 60 74 69 116 122 48 110 46 116 34 65 94 83 59 58 66 58 97 45 59 81 54 116 48 39 59 55 30 76 74 55 46 68 78 34 44
83 54 40 55 52 31 102 87 33 74 29 39 54 113 38 51 89 62 62 48 77 43 84 37 77 57 54 65 39 65 36 86 58 67 57 117 94 38 41 56 87 34 87 36 32 47 125 60 28 50
96 79 34 60 42 43 35 64 49 64 43 22 48 60 42 32 31 37 32 54 52 81 58 28 47 43 47 29 49 46 68 31 29 29 32 76 37 48 31 24 55 22 88 44 64 28 40 49 21 28
73 36 38 60 32 22 48 35 28 68 35 26 20 65 23 37 27 53 31 38 44 61 33 24 27 29 28 28 46 43 27 30 41 49 25 40 27 30 22 26 28 22 28 45 44 25 70 27 21 50
139 145 118 44 39 51 65 73 37 56 32 34 34 80 38 54 105 69 93 43 49 59 61 31 91 47 50 39 103 72 44 53 46 48 53 61 56 48 69 31 78 33 60 35 59 49 50 93 30 47
169 93 111 52 63 68 93 91 46 55 39 48 91 65 43 76 103 63 75 45 85 64 56 44 92 109 53 69 47 84 64 114 74 105 50 81 83 45 52 48 51 42 55 56 46 56 102 53 44 58
72 110 80 39 41 73 55 59 40 63 68 38 38 152 51 85 46 125 109 46 49 77 69 57 120 133 50 39 44 124 77 59 43 46 74 55 73 55 59 60 63 35 59 65 53 107 58 125 39 115
48 60 71 24 50 42 45 39 29 43 39 26 23 51 39 32 44 36 40 23 25 29 57 57 52 41 48 24 27 90 46 30 40 74 35 39 59 24 62 39 41 28 39 57 63 51 93 35 19 38
106 47 45 66 84 61 55 44 34 72 31 27 31 87 38 35 32 60 44 30 41 77 79 34 39 38 84 35 50 70 32 50 37 80 68 55 47 56 35 61 59 39 36 70 26 40 65 47 38 88
99 102 63 49 56 35 102 101 37 85 49 46 36 119 43 57 49 63 97 84 44 81 45 50 74 89 81 44 50 71 43 96 46 66 45 98 56 96 85 71 48 37 50 80 46 93 59 51 42 52
87 51 92 78 37 59 85 54 66 51 55 30 71 72 60 38 52 66 50 26 51 72 34 32 64 53 100 44 36 65 43 39 30 72 35 106 55 77 77 30 63 57 75 48 58 79 60 49 56 43
64 51 59 39 45 35 89 50 44 115 54 33 83 75 30 90 47 58 102 65 84 37 35 46 38 72 41 77 50 97 35 39 78 68 63 66 61 41 32 72 60 31 71 32 29 80 61 78 39 98
111 74 95 35 34 31 81 46 26 46 42 26 70 62 31 104 46 69 74 26 35 70 40 60 47 95 67 53 51 94 50 86 28 67 30 56 55 47 36 39 75 32 80 33 41 39 41 57 27 32
70 165 130 65 66 38 55 83 49 71 62 38 85 63 69 109 52 86 56 44 41 105 51 47 104 53 143 41 46 72 47 115 45 65 55 96 56 38 42 56 66 41 54 50 78 124 54 45 49 119
102 56 72 25 36 37 59 53 33 53 61 53 37 46 32 37 43 82 47 27 32 48 32 37 54 74 47 58 70 70 84 68 24 51 51 51 64 37 62 22 37 47 50 35 25 46 51 37 29 37
101 171 73 83 94 51 89 151 57 108 52 44 59 76 64 132 132 72 150 37 66 57 93 50 118 64 150 60 112 79 61 69 44 55 62 61 111 87 95 42 75 35 58 88 41 50 59 54 98 52
55 55 33 63 45 23 49 71 37 51 56 24 57 53 30 51 75 54 39 58 31 38 45 25 31 52 70 31 49 67 46 77 31 31 47 43 42 25 53 31 56 32 56 28 27 37 80 42 23 38
65 58 50 63 54 50 38 94 34 84 26 24 43 54 25 70 59 82 78 30 56 33 40 34 42 39 39 46 33 81 50 47 51 43 27 53 61 52 30 47 95 29 85 59 32 46 45 50 26 54
138 84 57 79 54 36 57 78 43 136 85 39 48 126 52 69 92 132 118 40 120 50 55 54 48 139 59 66 124 169 81 61 47 51 90 75 64 101 48 51 76 44 97 40 51 64 74 56 33 81
59 48 93 45 39 68 38 79 57 47 62 34 26 83 41 41 67 54 67 29 59 47 54 40 72 50 76 28 35 68 40 33 30 35 55 72 35 31 36 30 37 60 56 30 45 33 56 50 24 31
113 52 72 76 75 26 47 98 29 67 46 50 79 64 77 55 43 65 42 45 48 36 36 34 50 40 60 28 48 108 52 38 74 56 40 69 40 35 58 56 38 27 44 35 49 99 110 35 26 39
101 122 56 52 56 51 110 64 40 159 37 43 62 79 45 59 95 172 135 36 97 55 47 39 129 85 58 56 57 111 119 88 40 83 52 95 64 53 82 78 59 45 81 62 52 80 69 65 83 77
79 153 78 92 61 44 53 135 42 62 85 46 76 91 65 96 78 63 117 49 55 74 52 42 101 122 54 40 51 113 116 126 38 75 44 164 70 75 56 49 96 67 57 50 39 128 131 122 42 67
149 154 56 57 102 72 58 56 34 53 40 70 68 64 46 99 96 99 128 60 49 49 78 51 67 130 89 46 64 78 50 47 32 74 62 122 102 41 40 52 45 33 66 35 52 84 68 59 47 72
65 65 113 71 67 60 55 139 102 56 67 40 43 161 65 69 90 74 101 67 50 62 46 105 113 108 68 81 73 93 51 69 52 73 45 78 62 46 61 75 59 48 111 43 91 53 78 131 33 54
117 117 61 63 98 33 89 85 32 62 31 47 57 113 64 62 113 75 58 41 44 62 53 39 83 117 52 58 53 93 92 54 92 74 39 93 57 77 37 59 74 44 68 70 46 71 66 49 54 66
43 67 51 29 60 22 35 52 32 36 55 34 31 59 34 76 45 81 59 22 25 35 28 25 44 31 36 26 55 105 29 56 32 29 43 41 33 23 60 27 51 27 39 34 39 28 36 36 21 33
38 52 31 25 33 26 81 54 45 72 23 31 33 47 56 38 80 92 37 21 38 32 29 24 41 62 47 29 28 57 32 50 25 30 29 95 41 37 32 23 33 51 40 33 32 29 38 38 20 51
90 62 88 54 49 46 56 79 70 69 38 35 63 67 71 53 89 62 56 71 124 55 76 39 81 65 66 46 53 74 46 79 59 72 44 95 83 103 67 42 119 35 71 49 95 62 140 117 36 122
82 90 82 88 92 44 74 73 77 104 39 84 91 75 59 49 64 153 87 68 47 83 56 34 104 110 48 73 89 155 67 66 40 59 82 67 71 62 77 65 50 47 51 48 41 49 137 77 40 91
64 130 70 80 60 69 57 96 66 47 32 27 35 83 40 98 51 95 75 28 73 42 83 30 48 86 60 35 45 74 49 49 36 50 70 66 86 55 78 41 55 56 58 68 72 86 79 46 29 61
67 124 34 38 35 32 37 48 47 42 71 27 29 79 46 45 63 40 87 42 38 33 79 46 33 57 60 53 90 47 39 40 42 84 49 100 92 55 67 24 68 31 44 40 30 69 46 71 50 42
90 63 50 48 50 30 67 53 55 62 28 34 46 47 44 60 62 108 37 26 37 39 36 64 41 63 42 51 44 49 56 61 30 32 40 44 87 45 34 42 42 29 35 44 48 48 55 76 26 41
56 82 40 43 47 41 42 130 51 56 37 39 30 53 80 60 75 78 50 32 37 90 38 58 51 58 65 32 45 105 89 49 42 81 74 78 55 43 35 35 41 36 60 33 82 85 55 47 43 66
53 53 50 77 74 43 97 50 62 53 45 37 38 53 41 87 60 60 38 62 45 56 81 46 42 45 80 47 53 66 50 47 44 41 32 67 50 34 44 46 94 69 37 39 34 58 50 38 35 35
110 95 65 45 84 65 64 87 36 58 37 72 57 70 41 81 98 165 127 89 84 100 74 54 68 51 132 61 59 115 62 60 69 101 65 120 53 43 49 37 66 38 112 90 43 105 115 108 80 51
181 116 78 52 68 74 53 69 58 82 100 68 77 90 43 116 47 75 78 57 49 96 112 103 103 63 101 76 74 98 70 144 59 58 63 60 104 54 42 62 58 70 69 124 76 52 96 56 34 95
44 46 51 47 51 35 54 37 30 53 38 25 32 62 61 42 37 48 32 26 27 46 61 29 61 58 82 52 45 61 37 82 49 45 71 71 42 34 26 27 39 27 36 38 27 77 69 37 41 28
81 51 104 32 39 37 61 60 57 61 33 54 31 67 54 78 37 56 62 29 46 85 86 56 72 46 48 62 34 71 48 50 47 100 68 97 45 42 59 27 37 39 67 60 56 53 52 34 37 39
47 65 41 38 34 47 60 115 44 60 28 45 26 122 39 63 80 44 42 28 59 38 40 73 44 84 37 35 83 63 40 34 32 42 54 48 62 46 40 41 35 26 86 63 26 80 54 35 43 77
92 118 69 62 78 41 93 63 37 48 33 31 41 97 48 100 91 103 52 37 96 100 106 42 53 66 57 49 45 92 41 119 57 60 61 96 51 77 36 55 86 32 44 76 62 80 57 43 44 72
75 178 114 88 82 56 128 64 49 153 44 97 98 99 58 54 106 60 120 36 131 83 68 46 58 83 86 45 64 134 81 54 67 57 45 64 61 68 56 67 95 42 77 55 55 89 168 59 53 84
105 56 50 37 71 64 104 52 42 126 35 35 64 75 81 53 77 144 55 41 106 57 103 45 69 130 52 33 39 90 73 50 40 83 39 55 45 73 46 29 54 70 95 48 42 45 101 59 65 43
48 48 37 25 49 32 67 40 55 37 29 30 42 81 25 45 61 36 47 27 76 32 30 23 80 38 85 32 53 103 55 31 33 35 27 41 46 27 58 51 41 42 42 46 27 44 48 63 53 69
62 147 124 78 42 40 54 103 51 58 46 63 58 77 59 46 70 53 94 34 42 72 81 71 72 63 93 40 38 72 42 68 32 50 66 102 72 34 91 37 62 40 63 93 35 77 82 42 50 40
72 85 141 90 76 58 68 73 42 78 70 104 66 113 111 101 62 68 129 40 47 64 66 64 75 81 105 94 82 100 48 50 41 56 84 128 78 46 69 70 87 51 65 46 54 52 77 57 38 68
39 88 35 34 32 20 63 37 22 41 53 50 23 73 23 36 56 92 35 23 31 25 67 32 62 71 37 53 25 89 34 61 29 37 30 60 27 22 27 48 28 24 34 49 35 58 52 27 18 58
55 68 69 43 53 34 60 112 69 72 32 38 39 81 34 50 45 102 85 44 37 46 54 40 55 53 71 53 40 148 110 42 35 47 83 68 111 37 38 82 44 30 121 36 76 56 49 49 77 94
165 77 128 96 53 51 74 61 48 65 89 38 64 67 44 52 100 64 82 101 57 49 117 53 77 71 78 73 131 75 50 67 91 97 46 73 97 53 67 51 101 61 77 93 69 74 143 91 69 82
54 65 62 39 41 33 44 75 37 57 36 37 43 119 62 73 56 55 118 41 58 84 91 56 54 53 68 37 51 119 42 68 54 49 37 66 51 43 89 33 51 74 71 36 53 81 62 71 82 62
68 70 119 65 45 69 101 76 34 98 79 58 92 111 36 79 85 98 56 83 43 48 72 47 74 126 138 36 65 67 62 48 38 54 108 94 81 49 43 40 95 87 118 39 39 46 71 50 35 42
64 85 50 38 71 56 66 95 88 125 38 64 41 145 45 74 85 125 69 62 115 116 103 68 58 114 125 44 63 119 64 116 46 135 47 57 56 89 57 49 121 38 73 111 57 48 57 47 67 110
116 65 44 69 30 54 86 112 42 79 30 49 32 48 35 57 54 46 52 58 36 42 71 36 37 39 89 46 42 49 61 46 31 54 55 45 63 31 78 39 88 45 52 58 57 38 47 54 39 45
75 54 72 72 81 33 50 75 63 101 32 31 60 75 54 68 51 58 83 66 96 43 45 39 49 58 52 36 77 74 103 61 39 86 39 93 49 33 87 69 53 35 52 36 57 87 84 70 47 83
132 129 79 44 43 45 61 135 97 108 60 83 71 157 41 75 49 123 81 103 50 56 49 41 145 109 69 40 62 73 95 67 38 140 76 78 62 57 55 56 58 84 128 61 44 96 99 52 80 100
90 177 116 84 49 83 68 68 38 63 40 74 37 84 46 89 66 92 52 34 52 78 65 47 97 77 68 44 46 67 47 92 41 55 73 69 58 54 87 37 147 38 95 57 63 50 135 110 41 105
42 51 31 31 40 28 81 88 28 39 29 26 37 55 52 36 30 49 35 24 47 60 78 31 31 49 73 58 67 98 64 42 32 41 30 64 32 45 60 23 46 27 47 55 64 73 89 37 33 41
101 165 74 37 74 37 109 84 91 152 95 92 96 129 56 62 114 114 132 65 97 73 99 40 70 78 72 42 50 99 64 46 54 106 40 59 65 40 65 41 142 44 58 49 59 59 101 51 45 53
62 74 107 40 68 84 61 75 79 71 61 56 80 115 54 86 120 161 61 82 72 128 54 44 91 67 62 95 59 171 118 61 49 82 57 69 59 58 67 75 69 47 63 62 58 72 71 51 34 46
130 79 51 32 82 39 73 64 38 57 50 37 60 68 35 108 40 57 86 73 50 77 41 50 77 69 68 85 57 52 48 46 31 39 66 58 40 81 39 70 81 59 67 77 82 51 95 61 27 42
94 138 114 81 111 39 83 73 65 101 42 37 37 74 38 140 45 139 120 50 45 61 62 53 52 134 142 72 65 124 50 84 40 80 67 78 100 48 77 38 63 59 101 80 39 46 108 57 65 107
92 154 83 52 90 88 53 89 72 64 84 93 41 154 78 94 77 62 85 47 54 49 45 41 52 92 55 45 120 73 124 58 105 90 64 81 56 60 89 58 86 85 70 52 42 94 93 110 55 49
109 102 77 71 111 57 73 151 39 52 35 76 78 101 50 78 58 58 61 36 107 91 63 51 119 75 69 93 57 65 63 96 42 68 48 76 61 37 113 37 48 34 66 73 37 65 143 42 39 47
46 85 66 50 64 23 38 99 53 71 30 22 26 54 24 50 34 49 38 33 67 45 32 51 88 55 76 27 45 53 30 37 25 44 41 64 48 25 30 25 78 24 85 27 27 81 37 30 28 29
64 71 41 35 49 70 53 50 40 88 37 27 75 60 41 67 44 88 90 33 90 76 85 64 99 62 71 48 47 95 40 38 44 64 82 52 71 60 89 34 64 29 49 37 61 78 86 54 53 62
84 56 65 45 83 29 63 63 33 55 42 29 31 57 41 46 44 89 87 34 102 48 50 76 57 47 52 71 110 124 95 52 34 47 44 91 70 62 39 36 57 64 54 57 58 47 53 44 32 50
90 96 42 39 39 41 75 111 38 46 32 34 31 47 34 91 55 60 63 41 74 36 36 28 74 41 44 45 41 71 71 47 69 49 44 47 45 41 35 39 42 24 39 34 32 43 54 51 61 40
48 43 86 31 38 71 40 61 25 58 26 25 32 57 41 89 33 54 56 44 78 34 76 27 35 51 50 27 34 55 72 43 29 83 64 86 50 72 36 28 42 32 45 28 33 33 98 31 65 49
48 102 48 25 32 33 70 42 44 36 45 27 22 38 30 28 45 75 35 33 53 32 55 57 28 74 35 56 41 55 27 78 57 27 31 85 38 33 41 25 41 25 31 55 26 53 38 42 33 28
84 98 106 56 70 103 130 95 80 122 41 57 103 108 52 69 48 124 53 36 81 53 58 40 67 119 91 38 119 125 77 66 57 50 42 116 104 56 62 36 56 85 70 120 87 47 73 53 52 67
58 69 66 60 42 48 52 51 30 52 38 30 49 147 42 81 95 49 88 47 46 95 37 68 45 122 102 45 80 90 81 68 35 74 35 115 89 32 87 45 66 29 44 33 71 115 67 60 34 47
66 108 85 67 65 60 60 75 66 142 37 44 61 103 41 62 47 131 72 34 41 118 63 91 78 74 62 54 60 149 116 84 93 52 78 84 73 91 96 51 123 33 47 45 87 109 101 69 32 43
111 106 108 41 50 71 53 78 40 73 97 74 100 77 42 52 75 108 53 49 46 68 83 38 75 82 76 78 47 138 57 126 58 111 101 81 59 109 46 81 93 36 75 51 39 50 61 96 33 93
65 59 32 34 24 53 31 58 23 47 22 27 36 42 26 38 35 62 30 31 39 28 62 22 54 40 66 30 36 61 64 50 36 29 39 77 47 27 34 27 59 23 34 58 52 50 57 58 49 28
43 34 45 43 64 30 31 90 22 46 55 33 41 59 32 33 50 81 65 28 53 60 25 22 48 57 37 30 39 48 42 35 52 38 28 39 39 29 28 37 57 32 50 28 21 26 42 36 21 55
158 82 82 54 100 36 47 88 47 104 59 49 36 88 69 82 65 103 60 51 74 67 95 36 123 53 59 76 97 145 89 54 74 98 86 124 45 42 58 79 89 80 64 80 41 111 100 67 56 84
139 93 116 106 52 45 62 141 54 156 103 87 45 95 41 152 75 61 55 40 48 66 49 54 59 62 124 61 46 66 49 111 63 75 50 92 73 73 51 43 99 84 61 54 53 52 62 108 46 51
125 128 56 74 74 33 58 55 71 93 75 36 63 54 63 42 51 108 67 54 38 62 101 37 85 69 65 50 38 58 49 40 33 108 47 125 42 80 83 30 85 34 74 39 40 41 72 75 49 42
66 143 121 86 106 36 51 68 56 89 61 37 63 71 59 51 116 77 74 64 78 127 70 40 95 52 66 49 82 98 71 46 58 88 44 93 58 63 41 47 109 58 77 97 99 49 116 83 37 49
143 129 76 84 84 34 92 128 31 50 42 87 50 81 67 123 63 66 66 42 45 86 71 56 44 46 57 96 59 75 51 44 45 81 50 68 64 39 46 30 48 74 43 48 84 86 55 44 81 94
118 64 68 34 54 28 48 45 30 94 37 38 61 52 37 112 54 52 39 52 39 58 50 34 48 110 44 29 86 50 59 38 55 66 62 48 43 29 76 49 39 36 39 38 55 40 44 41 32 48
55 73 46 28 42 33 62 72 46 48 49 33 64 46 29 75 44 53 39 63 42 87 37 35 38 37 36 34 45 71 35 47 62 34 58 66 38 69 37 26 68 34 100 29 34 33 91 43 23 33
39 35 31 21 26 22 35 87 55 57 29 52 21 78 35 66 37 67 40 25 31 26 48 28 44 55 79 30 54 61 43 27 25 70 24 88 44 50 67 54 44 24 36 41 56 41 72 26 33 57
85 80 71 35 23 52 31 47 40 87 34 41 32 43 31 76 67 49 52 29 58 30 36 28 44 34 57 52 38 41 54 42 50 29 41 33 66 41 41 20 29 24 57 36 32 30 70 50 19 26
147 122 60 48 83 33 93 56 32 62 29 35 35 58 46 86 58 61 72 38 37 65 49 42 69 99 46 69 62 95 76 66 42 60 46 101 70 78 34 36 63 72 44 60 42 55 66 82 59 40
79 79 81 35 63 42 62 142 33 69 34 47 78 144 38 115 42 98 48 65 46 70 53 50 48 48 48 80 50 58 46 117 75 62 58 88 96 59 43 39 87 80 122 85 33 54 48 43 30 40
57 52 34 29 29 51 36 37 25 48 33 24 54 48 65 89 36 49 38 35 29 29 79 32 50 51 76 26 56 50 29 43 29 74 28 51 61 34 29 47 38 30 69 26 23 85 94 81 21 41
63 104 75 82 104 43 78 53 35 97 60 29 35 68 76 107 44 87 50 38 38 73 54 31 43 78 64 35 39 128 63 43 61 39 63 77 70 36 35 42 43 64 80 88 32 43 48 85 35 62
69 159 49 36 87 61 99 78 44 70 51 64 47 90 57 60 70 90 48 77 55 53 95 41 78 59 51 40 48 67 105 42 81 105 42 51 77 62 40 57 53 42 76 81 53 46 52 117 74 47
54 82 41 70 36 28 42 72 78 44 54 52 48 139 42 42 49 87 44 41 35 40 82 38 52 40 78 36 57 54 73 66 31 59 32 83 93 42 58 35 82 49 40 85 30 57 58 69 38 34
112 84 53 43 53 43 50 64 34 64 72 40 42 86 62 72 59 54 108 49 62 73 41 41 73 72 68 37 110 74 80 43 32 53 40 73 67 47 85 41 68 63 80 44 47 77 143 68 52 85
64 45 37 59 31 22 40 46 23 39 29 43 48 53 37 42 62 46 33 23 53 33 42 24 37 64 33 33 54 52 32 34 30 64 43 52 52 44 43 54 38 29 48 26 46 31 37 39 23 43
1 2
2 3
3 4
4 5
4 22
4 26
4 27
4 40
4 48
4 56
4 83
4 86
4 94
4 105
4 109
4 111
4 134
4 221
4 247
4 259
5 6
6 7
6 8
6 9
6 10
7 11
7 12
7 13
7 14
7 15
7 20
8 11
8 12
8 13
8 14
8 15
8 20
9 11
9 12
9 13
9 14
9 15
9 20
10 11
10 12
10 13
10 14
10 15
10 20
11 16
12 17
13 18
14 19
15 21
16 23
17 23
18 23
19 23
20 23
21 23
22 24
22 25
23 28
24 29
25 29
26 30
27 31
28 32
28 37
29 33
29 44
29 121
30 34
30 297
31 34
31 82
31 172
31 179
32 36
33 38
34 35
35 42
36 39
37 39
38 41
39 43
40 44
40 84
40 97
41 45
42 46
43 47
44 49
45 50
46 51
46 138
47 52
48 52
49 53
50 54
51 55
51 81
52 57
53 58
54 58
54 296
55 59
56 60
56 61
57 62
57 63
57 71
57 76
58 64
59 64
59 99
59 100
60 68
61 65
62 66
63 67
64 72
65 69
66 69
67 70
68 73
69 74
70 75
71 77
72 78
73 84
73 97
74 84
74 97
75 84
75 97
76 84
76 97
77 84
77 97
78 79
78 80
78 125
78 192
79 85
80 85
81 87
82 88
82 89
83 90
84 91
85 92
86 93
87 99
87 100
88 99
88 100
89 99
89 100
90 95
91 96
92 98
93 98
94 101
95 101
96 101
97 101
98 102
99 103
100 104
101 106
102 107
103 108
104 108
105 110
106 112
107 113
108 114
108 115
108 292
109 119
109 120
110 119
110 120
110 162
111 116
112 117
113 118
114 119
115 120
116 122
117 123
117 124
117 257
118 126
119 127
120 127
120 150
121 128
122 129
123 130
123 145
123 146
123 147
123 148
123 149
124 130
125 130
126 130
127 130
127 157
128 130
129 130
129 141
130 131
130 144
131 132
131 133
132 135
133 135
133 170
134 136
135 137
136 139
137 140
138 140
138 191
139 142
139 253
140 143
140 200
141 151
142 152
143 153
143 169
144 154
145 155
146 156
147 158
148 159
149 160
150 161
151 163
152 164
153 165
154 166
155 166
156 166
157 166
158 166
159 166
160 166
161 166
162 167
163 166
164 167
165 168
165 176
166 170
167 171
168 173
169 174
170 174
171 174
172 175
173 177
174 178
174 287
174 288
175 180
176 181
177 181
178 181
179 181
180 181
180 252
181 182
181 183
181 184
181 185
181 186
181 187
181 188
181 189
181 196
181 197
181 295
182 190
183 193
184 194
185 195
186 195
187 195
188 195
189 195
190 195
191 200
192 201
193 198
194 199
195 199
195 203
195 205
195 227
195 229
196 202
197 202
198 202
199 202
200 202
201 202
202 204
202 251
203 206
203 208
204 207
204 250
205 207
206 209
207 210
207 212
208 210
209 210
209 211
210 213
211 213
212 214
213 214
214 215
214 234
215 216
216 217
217 218
218 219
219 220
220 222
221 223
222 224
223 225
224 226
225 227
226 228
227 230
228 231
229 235
229 236
230 232
230 271
230 289
231 233
232 236
233 237
234 238
234 256
235 237
236 239
237 240
238 240
238 285
239 240
239 279
240 241
240 243
241 242
242 244
243 245
243 246
244 245
244 246
244 255
245 248
246 248
247 278
248 249
249 254
249 284
250 256
251 256
252 258
253 260
254 261
255 261
255 262
256 263
257 264
258 265
259 266
260 267
261 268
261 269
262 269
263 270
264 271
265 272
266 271
267 273
268 274
269 274
270 274
271 274
272 275
273 276
274 277
274 278
274 282
275 280
276 281
277 283
278 283
279 286
280 290
281 291
282 293
283 293
284 294
285 294
286 294
287 293
288 293
289 294
290 293
291 293
292 293
-1 -1
